Applications Graphics Acceleration Info:
Uptime: 282647235 Realtime: 371221964

** Graphics info for pid 2233 [com.termux] (user 0) **

Stats since: 282635967918744ns
Total frames rendered: 390
Janky frames: 0 (0.00%)
Janky frames (legacy): 136 (34.87%)
50th percentile: 8ms
90th percentile: 10ms
95th percentile: 10ms
99th percentile: 11ms
Number Missed Vsync: 0
Number High input latency: 0
Number Slow UI thread: 0
Number Slow bitmap uploads: 0
Number Slow issue draw commands: 0
Number Frame deadline missed: 0
Number Frame deadline missed (legacy): 136
HISTOGRAM: 5ms=35 6ms=52 7ms=80 8ms=106 9ms=75 10ms=35 11ms=5 12ms=2 13ms=0 14ms=0 15ms=0 16ms=0 17ms=0 18ms=0 19ms=0 20ms=0 21ms=0 22ms=0 23ms=0 24ms=0 25ms=0 26ms=0 27ms=0 28ms=0 29ms=0 30ms=0 31ms=0 32ms=0 34ms=0 36ms=0 38ms=0 40ms=0 42ms=0 44ms=0 46ms=0 48ms=0 53ms=0 57ms=0 61ms=0 65ms=0 69ms=0 73ms=0 77ms=0 81ms=0 85ms=0 89ms=0 93ms=0 97ms=0 101ms=0 105ms=0 109ms=0 113ms=0 117ms=0 121ms=0 125ms=0 129ms=0 133ms=0 150ms=0 200ms=0 250ms=0 300ms=0 350ms=0 400ms=0 450ms=0 500ms=0 550ms=0 600ms=0 650ms=0 700ms=0 750ms=0 800ms=0 850ms=0 900ms=0 950ms=0 1000ms=0 1050ms=0 1100ms=0 1150ms=0 1200ms=0 1250ms=0 1300ms=0 1350ms=0 1400ms=0 1450ms=0 1500ms=0 1550ms=0 1600ms=0 1650ms=0 1700ms=0 1750ms=0 1800ms=0 1850ms=0 1900ms=0 1950ms=0 2000ms=0 2050ms=0 2100ms=0 2150ms=0 2200ms=0 2250ms=0 2300ms=0 2350ms=0 2400ms=0 2450ms=0 2500ms=0 2550ms=0 2600ms=0 2650ms=0 2700ms=0 2750ms=0 2800ms=0 2850ms=0 2900ms=0 2950ms=0 3000ms=0 3050ms=0 3100ms=0 3150ms=0 3200ms=0 3250ms=0 3300ms=0 3350ms=0 3400ms=0 3450ms=0 3500ms=0 3550ms=0 3600ms=0 3650ms=0 3700ms=0 3750ms=0 3800ms=0 3850ms=0 3900ms=0 3950ms=0 4000ms=0 4050ms=0 4100ms=0 4150ms=0 4200ms=0 4250ms=0 4300ms=0 4350ms=0 4400ms=0 4450ms=0 4500ms=0 4550ms=0 4600ms=0 4650ms=0 4700ms=0 4750ms=0 4800ms=0 4850ms=0 4900ms=0 4950ms=0
50th gpu percentile: 1ms
90th gpu percentile: 1ms
95th gpu percentile: 1ms
99th gpu percentile: 1ms
GPU HISTOGRAM: 1ms=387 2ms=3 3ms=0 4ms=0 5ms=0 6ms=0 7ms=0 8ms=0 9ms=0 10ms=0 11ms=0 12ms=0 13ms=0 14ms=0 15ms=0 16ms=0 17ms=0 18ms=0 19ms=0 20ms=0 21ms=0 22ms=0 23ms=0 24ms=0 25ms=0 4950ms=0

Pipeline=Skia (Vulkan)
Memory policy:
  Max surface area: 4021248
  Max resource usage: 193.02MB (x48)
  Background retention: 50% (altUiHidden = true)
  GPU Context timeout: 10
Contexts: 1 (stopped = 0)
CPU Caches:
  Glyph Cache: 1.17 MB (1 entry)
  Glyph Count: 201 
Total CPU memory usage:
  1226689 bytes, 1.17 MB (0.00 bytes is purgeable)
GPU Caches:
  Other:
    Other: 276.48 KB (1 entry)
  Image:
    Surface: 14.54 KB (1 entry)
  Scratch:
    Buffer Object: 590.38 KB (18 entries)
    Surface: 78.70 MB (15 entries)
Total GPU memory usage:
  83424784 bytes, 79.56 MB (526.54 KB is purgeable)
Pipeline Cache: inactive
GraphicBufferAllocator buffers:
            Handle |         Size |     W (Stride) x H | Layers |   Format |      Usage | Requestor
0xb400007c6687e860 | 15708.00 KiB | 1344 (1344) x 2992 |      1 |        1 | 0x     b00 | VRI[TermuxActivity]#229(BLAST Consumer)229
0xb400007c66895e10 | 15708.00 KiB | 1344 (1344) x 2992 |      1 |        1 | 0x     b00 | VRI[TermuxActivity]#229(BLAST Consumer)229
0xb400007c6689da60 | 15708.00 KiB | 1344 (1344) x 2992 |      1 |        1 | 0x     b00 | VRI[TermuxActivity]#229(BLAST Consumer)229
0xb400007c668b9810 | 15708.00 KiB | 1344 (1344) x 2992 |      1 |        1 | 0x     b00 | VRI[TermuxActivity]#229(BLAST Consumer)229
0xb400007c668ddde0 | 15708.00 KiB | 1344 (1344) x 2992 |      1 |        1 | 0x     b00 | VRI[TermuxActivity]#229(BLAST Consumer)229
Total allocated by GraphicBufferAllocator (estimate): 78540.00 KB
Imported gralloc buffers:
+ name:VRI[TermuxActivity]#229(BLAST Consumer)229, id:382929, size:15782.28KiB, w/h:1344x2992, usage: 0xb00, req fmt:1, fourcc/mod:875708993/10520408729537478695, dataspace: 0x8810000, compressed: true
+ name:VRI[TermuxActivity]#229(BLAST Consumer)229, id:382909, size:15782.28KiB, w/h:1344x2992, usage: 0xb00, req fmt:1, fourcc/mod:875708993/10520408729537478695, dataspace: 0x8810000, compressed: true
+ name:VRI[TermuxActivity]#229(BLAST Consumer)229, id:382913, size:15782.28KiB, w/h:1344x2992, usage: 0xb00, req fmt:1, fourcc/mod:875708993/10520408729537478695, dataspace: 0x8810000, compressed: true
+ name:VRI[TermuxActivity]#229(BLAST Consumer)229, id:382923, size:15782.28KiB, w/h:1344x2992, usage: 0xb00, req fmt:1, fourcc/mod:875708993/10520408729537478695, dataspace: 0x8810000, compressed: true
+ name:VRI[TermuxActivity]#229(BLAST Consumer)229, id:382919, size:15782.28KiB, w/h:1344x2992, usage: 0xb00, req fmt:1, fourcc/mod:875708993/10520408729537478695, dataspace: 0x8810000, compressed: true
Total imported by gralloc: 78911.41KiB

Profile data in ms:

	com.termux/com.termux.app.TermuxActivity/android.view.ViewRootImpl@b46882c (visibility=0)
Window: com.termux/com.termux.app.TermuxActivity
Stats since: 282635967918327ns
Total frames rendered: 390
Janky frames: 0 (0.00%)
Janky frames (legacy): 136 (34.87%)
50th percentile: 8ms
90th percentile: 10ms
95th percentile: 10ms
99th percentile: 11ms
Number Missed Vsync: 0
Number High input latency: 0
Number Slow UI thread: 0
Number Slow bitmap uploads: 0
Number Slow issue draw commands: 0
Number Frame deadline missed: 0
Number Frame deadline missed (legacy): 136
HISTOGRAM: 5ms=35 6ms=52 7ms=80 8ms=106 9ms=75 10ms=35 11ms=5 12ms=2 13ms=0 14ms=0 15ms=0 16ms=0 17ms=0 18ms=0 19ms=0 20ms=0 21ms=0 22ms=0 23ms=0 24ms=0 25ms=0 26ms=0 27ms=0 28ms=0 29ms=0 30ms=0 31ms=0 32ms=0 34ms=0 36ms=0 38ms=0 40ms=0 42ms=0 44ms=0 46ms=0 48ms=0 53ms=0 57ms=0 61ms=0 65ms=0 69ms=0 73ms=0 77ms=0 81ms=0 85ms=0 89ms=0 93ms=0 97ms=0 101ms=0 105ms=0 109ms=0 113ms=0 117ms=0 121ms=0 125ms=0 129ms=0 133ms=0 150ms=0 200ms=0 250ms=0 300ms=0 350ms=0 400ms=0 450ms=0 500ms=0 550ms=0 600ms=0 650ms=0 700ms=0 750ms=0 800ms=0 850ms=0 900ms=0 950ms=0 1000ms=0 1050ms=0 1100ms=0 1150ms=0 1200ms=0 1250ms=0 1300ms=0 1350ms=0 1400ms=0 1450ms=0 1500ms=0 1550ms=0 1600ms=0 1650ms=0 1700ms=0 1750ms=0 1800ms=0 1850ms=0 1900ms=0 1950ms=0 2000ms=0 2050ms=0 2100ms=0 2150ms=0 2200ms=0 2250ms=0 2300ms=0 2350ms=0 2400ms=0 2450ms=0 2500ms=0 2550ms=0 2600ms=0 2650ms=0 2700ms=0 2750ms=0 2800ms=0 2850ms=0 2900ms=0 2950ms=0 3000ms=0 3050ms=0 3100ms=0 3150ms=0 3200ms=0 3250ms=0 3300ms=0 3350ms=0 3400ms=0 3450ms=0 3500ms=0 3550ms=0 3600ms=0 3650ms=0 3700ms=0 3750ms=0 3800ms=0 3850ms=0 3900ms=0 3950ms=0 4000ms=0 4050ms=0 4100ms=0 4150ms=0 4200ms=0 4250ms=0 4300ms=0 4350ms=0 4400ms=0 4450ms=0 4500ms=0 4550ms=0 4600ms=0 4650ms=0 4700ms=0 4750ms=0 4800ms=0 4850ms=0 4900ms=0 4950ms=0
50th gpu percentile: 1ms
90th gpu percentile: 1ms
95th gpu percentile: 1ms
99th gpu percentile: 1ms
GPU HISTOGRAM: 1ms=387 2ms=3 3ms=0 4ms=0 5ms=0 6ms=0 7ms=0 8ms=0 9ms=0 10ms=0 11ms=0 12ms=0 13ms=0 14ms=0 15ms=0 16ms=0 17ms=0 18ms=0 19ms=0 20ms=0 21ms=0 22ms=0 23ms=0 24ms=0 25ms=0 4950ms=0



---PROFILEDATA---
Flags,FrameTimelineVsyncId,IntendedVsync,Vsync,InputEventId,HandleInputStart,AnimationStart,PerformTraversalsStart,DrawStart,FrameDeadline,FrameStartTime,FrameInterval,WorkloadTarget,AnimationTime,AnimationCounter,SyncQueued,SyncStart,IssueDrawCommandsStart,SwapBuffers,FrameCompleted,DequeueBufferDuration,QueueBufferDuration,GpuCompleted,SwapBuffersCompleted,DisplayPresentTime,CommandSubmissionCompleted,
0,92038344,282643370953387,282643370953387,0,282643371997946,282643371998753,282643371999212,282643372171540,282643387553387,282643371994482,16666666,16600000,282643370953387,-1,282643375049144,282643375171566,282643375408936,282643379368493,282643380350185,19870,284687,282643380350185,282643379731617,282643398040472,282643379368493,
0,92038352,282643404287006,282643404287006,0,282643404992347,282643404994082,282643404995212,282643405164066,282643420887006,282643404985003,16666666,16600000,282643404287006,-1,282643408612857,282643408661347,282643408998092,282643413363545,282643414122347,23239,201328,282643414122347,282643413623649,282643431398014,282643413363545,
0,92038360,282643437607136,282643437607136,0,282643438290653,282643438291747,282643438292841,282643438450627,282643454207136,282643438285002,16666666,16600000,282643437607136,-1,282643441532476,282643441587919,282643441823519,282643445105784,282643445787815,11562,221978,282643445787815,282643445388153,282643464763440,282643445105784,
0,92038369,282643470964678,282643470964678,0,282643471502138,282643471502961,282643471504524,282643471642997,282643487564678,282643471494950,16666666,16600000,282643470964678,-1,282643474921008,282643474987127,282643475219481,282643478699455,282643479377684,14339,159791,282643479377684,282643478909820,282643498077466,282643478699455,
0,92038378,282643504330104,282643504330104,0,282643505069637,282643505071815,282643505074507,282643505298533,282643520930104,282643505060236,16666666,16600000,282643504330104,-1,282643508976174,282643509050392,282643509240262,282643512489871,282643513209533,8985,195547,282643513209533,282643512738934,282643531410705,282643512489871,
0,92038386,282643537644130,282643537644130,0,282643538064975,282643538065574,282643538066251,282643538150314,282643554244130,282643538061173,16666666,16600000,282643537644130,-1,282643540868282,282643540894558,282643541093049,282643544642345,282643545324324,11953,173828,282643545324324,282643544874063,282643564732058,282643544642345,
0,92038395,282643570977369,282643570977369,0,282643571907084,282643571907969,282643571909001,282643572058231,282643587577369,282643571901719,16666666,16600000,282643570977369,-1,282643574775512,282643574826954,282643575073673,282643578645444,282643579311606,14687,282526,282643579311606,282643579008490,282643598058568,282643578645444,
0,92038404,282643604298722,282643604298722,0,282643604544470,282643604545027,282643604545626,282643604612605,282643620898722,282643604541042,16666666,16600000,282643604298722,-1,282643606740651,282643606795807,282643606971772,282643610265287,282643610916042,10173,155990,282643610916042,282643610484558,282643631430131,282643610265287,
0,92038413,282643637625232,282643637625232,0,282643637827500,282643637827968,282643637828385,282643637876016,282643654225232,282643637824948,16666666,16600000,282643637625232,-1,282643639402292,282643639468672,282643639619297,282643642953906,282643643595338,8177,135115,282643643595338,282643643133542,282643664775286,282643642953906,
0,92038422,282643670996795,282643670996795,0,282643671392525,282643671393202,282643671393827,282643671455521,282643687596795,282643671389494,16666666,16600000,282643670996795,-1,282643674238854,282643674306953,282643674483896,282643677675130,282643678339166,9974,150156,282643678339166,282643677872629,282643698120676,282643677675130,
0,92038431,282643704341950,282643704341950,0,282643704808410,282643704808879,282643704809556,282643704869791,282643720941950,282643704805884,16666666,16600000,282643704341950,-1,282643707491822,282643707539322,282643707727515,282643710879999,282643711512187,9974,130417,282643711512187,282643711057083,282643731480208,282643710879999,
0,92038440,282643721008616,282643721008616,0,282643721690337,282643721690988,282643721691483,282643721830624,282643737608616,282643721687655,16666666,16600000,282643721008616,-1,282643723181744,282643723268385,282643723418567,282643725084218,282643725738437,10391,161874,282643725738437,282643725285103,282643748138540,282643725084218,
0,92038449,282643737687340,282643737687340,0,282643738113332,282643738113775,282643738114400,282643738185285,282643754287340,282643738110572,16666666,16600000,282643737687340,-1,282643740959452,282643740999399,282643741251666,282643743365129,282643744178488,16250,209505,282643744178488,282643743652264,282643764831066,282643743365129,
0,92038458,282643787705204,282643787705204,0,282643788450024,282643788452602,282643788453722,282643788641326,282643804305204,282643788440171,16666666,16600000,282643787705204,-1,282643791891993,282643791956264,282643792396639,282643797414113,282643798076509,28464,502449,282643798034738,282643798076509,282643814820232,282643797414113,
0,92038466,282643804371870,282643804371870,0,282643804857602,282643804859060,282643804861560,282643805007811,282643820971870,282643804851107,16666666,16600000,282643804371870,-1,282643807589165,282643807629920,282643807820988,282643809611066,282643810309217,11657,181119,282643810309217,282643809852732,282643831503660,282643809611066,
0,92038475,282643854386896,282643854386896,0,282643854996508,282643854999659,282643855001299,282643855254674,282643870986896,282643854987419,16666666,16600000,282643854386896,-1,282643859189137,282643859271664,282643859696654,282643862946507,282643863986117,33021,514046,282643863986117,282643863676377,282643881494606,282643862946507,
0,92038483,282643887736990,282643887736990,0,282643888312107,282643888313164,282643888313799,282643888399112,282643904336990,282643888306924,16666666,16600000,282643887736990,-1,282643890994945,282643891027523,282643891227679,282643893491039,282643893809866,15426,243541,282643893788226,282643893809866,282643914881143,282643893491039,
0,92038492,282643921061270,282643921061270,0,282643922234475,282643922235960,282643922236949,282643922398564,282643937661270,282643922228382,16666666,16600000,282643921061270,-1,282643925295465,282643925330637,282643925508043,282643927277002,282643928108434,10922,212421,282643928108434,282643927580387,282643948175673,282643927277002,
0,92038501,282643954447807,282643954447807,0,282643955153459,282643955154866,282643955155621,282643955261037,282643971047807,282643955148694,16666666,16600000,282643954447807,-1,282643957975986,282643958033059,282643958254345,282643960107262,282643960815324,16614,237630,282643960815324,282643960454006,282643981542912,282643960107262,
0,92038510,282643987742337,282643987742337,0,282643988183172,282643988184110,282643988184787,282643988280022,282644004342337,282643988177704,16666666,16600000,282643987742337,-1,282643991042522,282643991122183,282643991360151,282643996695923,282643997303918,15156,223073,282643997303918,282643996997704,282644014895308,282643996695923,
0,92038518,282644004409003,282644004409003,0,282644004905568,282644004906792,282644004907443,282644005050985,282644021009003,282644004900854,16666666,16600000,282644004409003,-1,282644007925194,282644007986245,282644008297209,282644010167417,282644010795125,15026,192579,282644010795125,282644010423928,282644031554605,282644010167417,
0,92038527,282644037795306,282644037795306,0,282644038255360,282644038256427,282644038257797,282644038332599,282644054395306,282644038250464,16666666,16600000,282644037795306,-1,282644040946219,282644040988146,282644041236818,282644044830906,282644045481870,19375,220876,282644045481870,282644045129370,282644064885229,282644044830906,
0,92038536,282644071121269,282644071121269,0,282644071332729,282644071333484,282644071334135,282644071405801,282644087721269,282644071328744,16666666,16600000,282644071121269,-1,282644073510958,282644073540490,282644073719958,282644077283327,282644077943197,10755,131954,282644077943197,282644077459734,282644098264031,282644077283327,
0,92038545,282644104451893,282644104451893,0,282644105020436,282644105021947,282644105024238,282644105205255,282644121051893,282644105013848,16666666,16600000,282644104451893,-1,282644109917364,282644109949056,282644110155723,282644113401374,282644114061650,12058,190443,282644114061650,282644113657729,282644131566088,282644113401374,
0,92038553,282644137830695,282644137830695,0,282644138572259,282644138574134,282644138575280,282644138747234,282644154430695,282644138563743,16666666,16600000,282644137830695,-1,282644141788274,282644141885671,282644142124186,282644146026634,282644146754421,12266,177291,282644146754421,282644146259332,282644164927363,282644146026634,
0,92038561,282644171132752,282644171132752,0,282644171703483,282644171704447,282644171705254,282644171814577,282644187732752,282644171699993,16666666,16600000,282644171132752,-1,282644175384967,282644175451270,282644175798587,282644180293040,282644180976269,20130,321208,282644180976269,282644180679603,282644198304811,282644180293040,
0,92038569,282644204494027,282644204494027,0,282644205164941,282644205165514,282644205166660,282644205315331,282644221094027,282644205160061,16666666,16600000,282644204494027,-1,282644208678586,282644208722441,282644208980556,282644213074081,282644213739784,19375,172526,282644213739784,282644213295279,282644231630253,282644213074081,
0,92038577,282644237871475,282644237871475,0,282644239112622,282644239113299,282644239113846,282644239240356,282644254471475,282644239108117,16666666,16600000,282644237871475,-1,282644242066269,282644242200243,282644242458976,282644246193263,282644247057467,20245,285834,282644247057467,282644246572909,282644264960044,282644246193263,
0,92038585,282644271196917,282644271196917,0,282644272377310,282644272378169,282644272379107,282644272501492,282644287796917,282644272372456,16666666,16600000,282644271196917,-1,282644275645278,282644276278195,282644276506919,282644279646424,282644280269054,8203,153984,282644280269054,282644279873741,282644298293820,282644279646424,
0,92038593,282644304526708,282644304526708,0,282644305655955,282644305657455,282644305659496,282644305860581,282644321126708,282644305648272,16666666,16600000,282644304526708,-1,282644309146320,282644309169914,282644309308012,282644312572387,282644313238845,8568,238594,282644313238845,282644312862440,282644331636216,282644312572387,
0,92038601,282644337860484,282644337860484,0,282644338513194,282644338513715,282644338514340,282644338645251,282644354460484,282644338508444,16666666,16600000,282644337860484,-1,282644341705980,282644341772256,282644341974991,282644345250330,282644345974929,9505,183333,282644345974929,282644345482699,282644364980095,282644345250330,
0,92038610,282644371202880,282644371202880,0,282644372396449,282644372397074,282644372397673,282644372495824,282644387802880,282644372391866,16666666,16600000,282644371202880,-1,282644375872412,282644375927090,282644376195538,282644379508064,282644380134340,12292,138083,282644380134340,282644379691319,282644398346917,282644379508064,
0,92038618,282644404546759,282644404546759,0,282644405620761,282644405621266,282644405621881,282644405730016,282644421146759,282644405616266,16666666,16600000,282644404546759,-1,282644408787334,282644409059574,282644409210199,282644412882178,282644413588714,10391,170094,282644413588714,282644413103428,282644431677100,282644412882178,
0,92038626,282644437913581,282644437913581,0,282644439318975,282644439320241,282644439321449,282644439518740,282644454513581,282644439310615,16666666,16600000,282644437913581,-1,282644443247907,282644443321579,282644443583740,282644447328662,282644448083089,21849,264713,282644448083089,282644447679963,282644465010822,282644447328662,
0,92038634,282644471243764,282644471243764,0,282644472162697,282644472164364,282644472165484,282644472324495,282644487843764,282644472156968,16666666,16600000,282644471243764,-1,282644475904911,282644475968010,282644476364703,282644480667490,282644481380042,23604,195651,282644481380042,282644480925849,282644498356395,282644480667490,
0,92038642,282644504577486,282644504577486,0,282644505303244,282644505304026,282644505304442,282644505410249,282644521177486,282644505299260,16666666,16600000,282644504577486,-1,282644508480734,282644508543739,282644508756671,282644512027515,282644512896604,12031,167708,282644512896604,282644512241526,282644531738374,282644512027515,
0,92038651,282644537923059,282644537923059,0,282644538627931,282644538629389,282644538631707,282644538839208,282644554523059,282644538621124,16666666,16600000,282644537923059,-1,282644542417019,282644542456004,282644542683088,282644546376577,282644547025613,12041,144636,282644547025613,282644546571551,282644565061618,282644546376577,
0,92038659,282644571305038,282644571305038,0,282644571889702,282644571890317,282644571890900,282644572029884,282644587905038,282644571883962,16666666,16600000,282644571305038,-1,282644575234571,282644575290222,282644575504650,282644578771629,282644579446785,13724,128698,282644579446785,282644578937306,282644598385795,282644578771629,
0,92038668,282644604628282,282644604628282,0,282644605433217,282644605434196,282644605434769,282644605558711,282644621228282,282644605428608,16666666,16600000,282644604628282,-1,282644608533556,282644608556550,282644608673295,282644611828998,282644612468061,8984,123568,282644612468061,282644611991055,282644631719831,282644611828998,
0,92038677,282644621294948,282644621294948,0,282644621864805,282644621866576,282644621868451,282644622023598,282644637894948,282644621857982,16666666,16600000,282644621294948,-1,282644624645977,282644625069388,282644625204727,282644626700925,282644627396185,10208,152031,282644627396185,282644626904466,282644648394467,282644626700925,
0,92038686,282644637952459,282644637952459,0,282644638381081,282644638381654,282644638382149,282644638460316,282644654552459,282644638377357,16666666,16600000,282644637952459,-1,282644641023659,282644641358269,282644641571540,282644643870378,282644644610560,19583,459583,282644644610560,282644644477096,282644665059091,282644643870378,
0,92038695,282644687961131,282644687961131,0,282644688560404,282644688561409,282644688562591,282644688722278,282644704561131,282644688552695,16666666,16600000,282644687961131,-1,282644691961835,282644692043398,282644692349232,282644695765846,282644696383007,20286,165495,282644696383007,282644695988215,282644715077695,282644695765846,
0,92038704,282644721292421,282644721292421,0,282644721987721,282644721989690,282644721990872,282644722169622,282644737892421,282644721980091,16666666,16600000,282644721292421,-1,282644725951002,282644726033987,282644726456418,282644730801288,282644731468371,33125,242787,282644731468371,282644731110325,282644748446653,282644730801288,
0,92038712,282644754644359,282644754644359,0,282644755202928,282644755204413,282644755205637,282644755371079,282644771244359,282644755193918,16666666,16600000,282644754644359,-1,282644758793997,282644758866887,282644759310340,282644763062642,282644763760757,19489,167918,282644763760757,282644763339309,282644781766564,282644763062642,
0,92038720,282644788013317,282644788013317,0,282644788986886,282644788988162,282644788989256,282644789167694,282644804613317,282644788980740,16666666,16600000,282644788013317,-1,282644792225402,282644792262016,282644792524142,282644795794985,282644796523683,14609,230911,282644796523683,282644796081964,282644815125506,282644795794985,
0,92038728,282644821333228,282644821333228,0,282644822008293,282644822009881,282644822010923,282644822192147,282644837933228,282644822000965,16666666,16600000,282644821333228,-1,282644825482615,282644825851366,282644826161625,282644830954880,282644831558031,13437,198620,282644831558031,282644831216600,282644848443214,282644830954880,
0,92038736,282644854692170,282644854692170,0,282644855311208,282644855312578,282644855313959,282644855444151,282644871292170,282644855303490,16666666,16600000,282644854692170,-1,282644858482536,282644858541338,282644858719489,282644862077068,282644862816052,13161,197953,282644862816052,282644862339620,282644881783916,282644862077068,
0,92038745,282644888009878,282644888009878,0,282644888530193,282644888531443,282644888532120,282644888644662,282644904609878,282644888524870,16666666,16600000,282644888009878,-1,282644891248812,282644893454697,282644893756599,282644899618552,282644900240479,16224,317707,282644900240479,282644900050844,282644915088734,282644899618552,
0,92038753,282644921350580,282644921350580,0,282644921680530,282644921681051,282644921681650,282644921769697,282644937950580,282644921677093,16666666,16600000,282644921350580,-1,282644924245426,282644924269280,282644924460087,282644927383577,282644928050765,13568,141250,282644928050765,282644927568082,282644948447979,282644927383577,
0,92038762,282644954655398,282644954655398,0,282644955216077,282644955218264,282644955220973,282644955388082,282644971255398,282644955206884,16666666,16600000,282644954655398,-1,282644958155478,282644958192926,282644958431389,282644961998734,282644962659984,17266,263593,282644962659984,282644962347066,282644981775842,282644961998734,
0,92038771,282644988014643,282644988014643,0,282644988366311,282644988366857,282644988367378,282644988432847,282645004614643,282644988363576,16666666,16600000,282644988014643,-1,282644990416910,282644990474176,282644990639228,282644993774879,282644994415269,8812,153360,282644994415269,282644993978332,282645015141691,282644993774879,
0,92038780,282645021342506,282645021342506,0,282645021789435,282645021790894,282645021792118,282645021906284,282645037942506,282645021785086,16666666,16600000,282645021342506,-1,282645025723315,282645025804748,282645025986154,282645029359331,282645030043889,9844,143646,282645030043889,282645029545633,282645048475347,282645029359331,
0,92038788,282645054708355,282645054708355,0,282645055097300,282645055098342,282645055099487,282645055191310,282645071308355,282645055093706,16666666,16600000,282645054708355,-1,282645057920477,282645057972482,282645058158680,282645061151586,282645061797794,9131,130885,282645061797794,282645061326075,282645081804122,282645061151586,
0,92038797,282645088042011,282645088042011,0,282645088452767,282645088453471,282645088454017,282645088510633,282645104642011,282645088450137,16666666,16600000,282645088042011,-1,282645090737429,282645090761752,282645090887247,282645094459711,282645095168888,8750,261224,282645095168888,282645094803028,282645115166830,282645094459711,
0,92038806,282645121370786,282645121370786,0,282645121779278,282645121779981,282645121780528,282645121836283,282645137970786,282645121776804,16666666,16600000,282645121370786,-1,282645124083705,282645124104018,282645124222481,282645127133757,282645127802142,8958,133620,282645127802142,282645127312429,282645148515424,282645127133757,
0,92038815,282645154733494,282645154733494,0,282645155324762,282645155326455,282645155327220,282645155427012,282645171333494,282645155320319,16666666,16600000,282645154733494,-1,282645158148392,282645158183497,282645158410033,282645161964329,282645162601204,19037,238724,282645162601204,282645162276752,282645181879615,282645161964329,
0,92038824,282645188082088,282645188082088,0,282645188715371,282645188716855,282645188717689,282645188856256,282645204682088,282645188709043,16666666,16600000,282645188082088,-1,282645191754304,282645191799772,282645192087262,282645195837793,282645196490527,20730,356813,282645196490527,282645196293132,282645215243209,282645195837793,
0,92038832,282645221446279,282645221446279,0,282645222183756,282645222185761,282645222186829,282645222371464,282645238046279,282645222176386,16666666,16600000,282645221446279,-1,282645225818651,282645225908366,282645226279667,282645230635344,282645231281386,25537,186198,282645231281386,282645230877844,282645248543886,282645230635344,
0,92038840,282645254809873,282645254809873,0,282645255692349,282645255693043,282645255693417,282645255780969,282645271409873,282645255688990,16666666,16600000,282645254809873,-1,282645258316594,282645258348573,282645258549875,282645262206646,282645263015526,10365,210025,282645263015526,282645262476698,282645281915109,282645262206646,
0,92038849,282645288110550,282645288110550,0,282645289357740,282645289359761,282645289362000,282645289578416,282645304710550,282645289349328,16666666,16600000,282645288110550,-1,282645292699276,282645292727505,282645292910525,282645296099067,282645296773312,9261,165365,282645296773312,282645296317818,282645315282687,282645296099067,
0,92038857,282645321481773,282645321481773,0,282645322539614,282645322541062,282645322541905,282645322678311,282645338081773,282645322533520,16666666,16600000,282645321481773,-1,282645325508546,282645325545890,282645325766957,282645329190369,282645329843156,15375,230964,282645329843156,282645329502557,282645348600942,282645329190369,
0,92038866,282645354849351,282645354849351,0,282645355421228,282645355422296,282645355422858,282645355577894,282645371449351,282645355411124,16666666,16600000,282645354849351,-1,282645358828718,282645358883051,282645359236098,282645363555239,282645364506931,19427,365416,282645364506931,282645364069588,282645381971931,282645363555239,
0,92038874,282645388167606,282645388167606,0,282645389077165,282645389079170,282645389081868,282645389275655,282645404767606,282645389066712,16666666,16600000,282645388167606,-1,282645393112764,282645393191775,282645393593066,282645398505603,282645399204196,30433,164114,282645399204196,282645398727555,282645415266488,282645398505603,
0,92038882,282645421538595,282645421538595,0,282645422349170,282645422350967,282645422352269,282645422552191,282645438138595,282645422339561,16666666,16600000,282645421538595,-1,282645426448274,282645426576826,282645427005706,282645430957685,282645431629873,33698,221277,282645431629873,282645431238910,282645448586956,282645430957685,
0,92038890,282645454833152,282645454833152,0,282645455292060,282645455292998,282645455293857,282645455402503,282645471433152,282645455287373,16666666,16600000,282645454833152,-1,282645458167060,282645458192320,282645458394873,282645461612789,282645462292946,11094,200771,282645462292946,282645461871070,282645481956669,282645461612789,
0,92038899,282645488153620,282645488153620,0,282645488754690,282645488756305,282645488757398,282645488926695,282645504753620,282645488745680,16666666,16600000,282645488153620,-1,282645492432883,282645492488154,282645492888856,282645497485080,282645498121695,22073,206443,282645498121695,282645497753987,282645515319637,282645497485080,
0,92038907,282645504820286,282645504820286,0,282645505141226,282645505142268,282645505142919,282645505228117,282645521420286,282645505137268,16666666,16600000,282645504820286,-1,282645507858934,282645507903701,282645508125054,282645510060966,282645510719341,12865,203193,282645510719341,282645510321538,282645531986044,282645510060966,
0,92038916,282645521523333,282645521523333,0,282645521835002,282645521835627,282645521836216,282645521903101,282645538123333,282645521832398,16666666,16600000,282645521523333,-1,282645524413794,282645524483820,282645524667049,282645526508309,282645527173283,10599,142344,282645527173283,282645526766643,282645548658674,282645526508309,
0,92038925,282645554886042,282645554886042,0,282645555481355,282645555482710,282645555484861,282645555687190,282645571486042,282645555473647,16666666,16600000,282645554886042,-1,282645559266225,282645559313829,282645559608101,282645563138100,282645564198023,16042,254090,282645564198023,282645563449195,282645581976017,282645563138100,
0,92038933,282645588225338,282645588225338,0,282645588744845,282645588745757,282645588746434,282645588862762,282645604825338,282645588741017,16666666,16600000,282645588225338,-1,282645592178126,282645592215912,282645592443257,282645596261589,282645596988205,21292,215131,282645596988205,282645596526095,282645615352709,282645596261589,
0,92038941,282645621542681,282645621542681,0,282645622160756,282645622161772,282645622162397,282645622279314,282645638142681,282645622155600,16666666,16600000,282645621542681,-1,282645625798021,282645625853844,282645626128793,282645630491563,282645631170496,14193,143766,282645631170496,282645630685183,282645648679245,282645630491563,
0,92038949,282645654919373,282645654919373,0,282645655508375,282645655508906,282645655509557,282645655631354,282645671519373,282645655504115,16666666,16600000,282645654919373,-1,282645658836536,282645658881771,282645659143881,282645662545573,282645663238958,17490,173802,282645663238958,282645662760495,282645682016484,282645662545573,
0,92038958,282645704912575,282645704912575,0,282645706092344,282645706093021,282645706093672,282645706255495,282645721512575,282645706088740,16666666,16600000,282645704912575,-1,282645709433255,282645709468896,282645709618046,282645712969895,282645713563880,9636,350886,282645713563880,282645713383125,282645732039791,282645712969895,
0,92038966,282645721579241,282645721579241,0,282645722392942,282645722393567,282645722394192,282645722476161,282645738179241,282645722390771,16666666,16600000,282645721579241,-1,282645725179114,282645725566119,282645725765781,282645727584062,282645728420676,12110,223698,282645728420676,282645727875910,282645748698072,282645727584062,
0,92038975,282645771606455,282645771606455,0,282645773750286,282645773751796,282645773753020,282645773904452,282645788206455,282645773744963,16666666,16600000,282645771606455,-1,282645777677707,282645777721822,282645777924660,282645781881014,282645782521795,15427,180390,282645782521795,282645782123488,282645798707550,282645781881014,
0,92038983,282645804931402,282645804931402,0,282645805461665,282645805462447,282645805463254,282645805542863,282645821531402,282645805458566,16666666,16600000,282645804931402,-1,282645808622108,282645809101993,282645809332004,282645811221978,282645811917707,18438,247838,282645811917707,282645811530024,282645832087915,282645811221978,
0,92038992,282645838274214,282645838274214,0,282645838942264,282645838943983,282645838945285,282645839098618,282645854874214,282645838937030,16666666,16600000,282645838274214,-1,282645843181691,282645843233097,282645843422826,282645845510831,282645846141691,14506,184062,282645846141691,282645845760180,282645865864086,282645845510831,
0,92039001,282645871654579,282645871654579,0,282645872439476,282645872440023,282645872441169,282645872576222,282645888254579,282645872434659,16666666,16600000,282645871654579,-1,282645876474321,282645876517211,282645876716143,282645879165508,282645880087002,8766,302463,282645880087002,282645879548643,282645898737289,282645879165508,
0,92039010,282645905430750,282645905430750,0,282645906028399,282645906028982,282645906029737,282645906135612,282645922030750,282645906024762,16666666,16600000,282645905430750,-1,282645909670586,282645909728711,282645909954477,282645914071820,282645914830752,10052,170432,282645914830752,282645914300534,282645932107731,282645914071820,
0,92039018,282645938303953,282645938303953,0,282645938912356,282645938912861,282645938913512,282645939014727,282645954903953,282645938909111,16666666,16600000,282645938303953,-1,282645942162548,282645942205326,282645942394085,282645946423903,282645947122705,17067,156432,282645947122705,282645946630621,282645965397549,282645946423903,
0,92039026,282645971674395,282645971674395,0,282645972414501,282645972414970,282645972415647,282645972505439,282645988274395,282645972411158,16666666,16600000,282645971674395,-1,282645975761299,282645975802028,282645975999231,282645979228876,282645979928121,14609,146432,282645979928121,282645979420256,282645998754866,282645979228876,
0,92039035,282646004964213,282646004964213,0,282646005517783,282646005518512,282646005519658,282646005619736,282646021564213,282646005512574,16666666,16600000,282646004964213,-1,282646009117443,282646009192495,282646009410725,282646012691496,282646013400751,8734,178724,282646013400751,282646012921584,282646032142261,282646012691496,
0,92039044,282646038321530,282646038321530,0,282646038921261,282646038922182,282646038923501,282646039038563,282646054921530,282646038917209,16666666,16600000,282646038321530,-1,282646042423016,282646042465256,282646042696626,282646046833485,282646047705975,10521,149401,282646047705975,282646047033042,282646065446246,282646046833485,
0,92039052,282646071708925,282646071708925,0,282646072392885,282646072393458,282646072394135,282646072493536,282646088308925,282646072389083,16666666,16600000,282646071708925,-1,282646075880568,282646075927719,282646076177000,282646079396896,282646080224968,9766,137005,282646080224968,282646079585333,282646098792520,282646079396896,
0,92039060,282646105012910,282646105012910,0,282646105865281,282646105866921,282646105869047,282646106103901,282646121612910,282646105855802,16666666,16600000,282646105012910,-1,282646110824838,282646110934213,282646111199708,282646115160385,282646115919057,17240,272891,282646115919057,282646115514463,282646132137000,282646115160385,
0,92039068,282646138359184,282646138359184,0,282646139017104,282646139018823,282646139019995,282646139155958,282646154959184,282646139012911,16666666,16600000,282646138359184,-1,282646142093405,282646142124863,282646142279708,282646145497026,282646146170645,10469,178124,282646146170645,282646145724603,282646165459578,282646145497026,
0,92039077,282646171703664,282646171703664,0,282646172335853,282646172336868,282646172337415,282646172453743,282646188303664,282646172328561,16666666,16600000,282646171703664,-1,282646175675738,282646175760359,282646176087598,282646180581139,282646181276582,12282,172552,282646181276582,282646180799733,282646198813326,282646180581139,
0,92039085,282646205026242,282646205026242,0,282646205663327,282646205663796,282646205664420,282646205759134,282646221626242,282646205658483,16666666,16600000,282646205026242,-1,282646208993587,282646209081650,282646209362936,282646213227702,282646213970228,10599,144687,282646213970228,282646213417806,282646232158899,282646213227702,
0,92039093,282646238379990,282646238379990,0,282646238982492,282646238983013,282646238983638,282646239079264,282646254979990,282646238978404,16666666,16600000,282646238379990,-1,282646242084263,282646242152050,282646242412180,282646246207076,282646246945696,15834,134619,282646246945696,282646246383691,282646265525452,282646246207076,
0,92039101,282646271725563,282646271725563,0,282646272276336,282646272276998,282646272277649,282646272375513,282646288325563,282646272272430,16666666,16600000,282646271725563,-1,282646275686492,282646275796113,282646276176971,282646279319003,282646280055174,11953,146849,282646280055174,282646279513403,282646298825451,282646279319003,
0,92039110,282646305092116,282646305092116,0,282646305880278,282646305880955,282646305881789,282646305990643,282646321692116,282646305876112,16666666,16600000,282646305092116,-1,282646308719888,282646308746555,282646308929107,282646312197023,282646312836528,12604,188542,282646312836528,282646312440643,282646332175252,282646312197023,
0,92039119,282646338392115,282646338392115,0,282646338799236,282646338799965,282646338800695,282646338871267,282646354992115,282646338796267,16666666,16600000,282646338392115,-1,282646341685955,282646341803429,282646342081371,282646346063637,282646346708913,14219,230496,282646346708913,282646346365278,282646365516466,282646346063637,
0,92039128,282646371741916,282646371741916,0,282646372207934,282646372208741,282646372209496,282646372297387,282646388341916,282646372203976,16666666,16600000,282646371741916,-1,282646375082360,282646375109001,282646375280434,282646378379210,282646379045486,8515,154817,282646379045486,282646378623793,282646398851970,282646378379210,
0,92039137,282646405083130,282646405083130,0,282646405560017,282646405561059,282646405561752,282646405646814,282646421683130,282646405555460,16666666,16600000,282646405083130,-1,282646408603636,282646408627725,282646408756189,282646411536058,282646412203923,7083,147344,282646412203923,282646411730251,282646432216553,282646411536058,
0,92039146,282646438418634,282646438418634,0,282646439057126,282646439059001,282646439061058,282646439210069,282646455018634,282646439050121,16666666,16600000,282646438418634,-1,282646442647256,282646442699027,282646442893766,282646446866136,282646447516683,10443,243177,282646447516683,282646447163532,282646465546891,282646446866136,
0,92039154,282646471783217,282646471783217,0,282646472319365,282646472320198,282646472320849,282646472385120,282646488383217,282646472316110,16666666,16600000,282646471783217,-1,282646475185485,282646475233193,282646475382204,282646479195276,282646479857750,10781,283177,282646479857750,282646479560771,282646498906474,282646479195276,
0,92039163,282646505113555,282646505113555,0,282646505768401,282646505769885,282646505770927,282646505901343,282646521713555,282646505761422,16666666,16600000,282646505113555,-1,282646509210093,282646509245692,282646509399834,282646512915094,282646513522385,10729,156864,282646513522385,282646513126760,282646532234286,282646512915094,
0,92039172,282646538473138,282646538473138,0,282646538915536,282646538916681,282646538917593,282646539033634,282646555073138,282646538908999,16666666,16600000,282646538473138,-1,282646542315614,282646542358635,282646542604598,282646546342844,282646547040093,15677,251640,282646547040093,282646546683270,282646565572541,282646546342844,
0,92039180,282646555139804,282646555139804,0,282646555679077,282646555679858,282646555680718,282646555787176,282646571739804,282646555675457,16666666,16600000,282646555139804,-1,282646559056656,282646559116161,282646559310926,282646561318208,282646561995744,13333,195687,282646561995744,282646561576967,282646582278269,282646561318208,
0,92039189,282646571800950,282646571800950,0,282646572492098,282646572495066,282646572497410,282646572718547,282646588400950,282646572481619,16666666,16600000,282646571800950,-1,282646576394910,282646576469233,282646576863270,282646580087202,282646580991109,13662,344688,282646580991109,282646580585535,282646598892800,282646580087202,
0,92039197,282646605178267,282646605178267,0,282646605798191,282646605799962,282646605801342,282646605971316,282646621778267,282646605791186,16666666,16600000,282646605178267,-1,282646609737566,282646609796707,282646610173973,282646614731525,282646615381004,18308,217900,282646615381004,282646615025066,282646632272504,282646614731525,
0,92039205,282646638459464,282646638459464,0,282646639220759,282646639222374,282646639223598,282646639391801,282646655059464,282646639213139,16666666,16600000,282646638459464,-1,282646643264144,282646643335603,282646643665353,282646648200248,282646648883972,19896,345051,282646648883972,282646648619076,282646665598295,282646648200248,
0,92039213,282646671839168,282646671839168,0,282646672551123,282646672552008,282646672553268,282646672756472,282646688439168,282646672539805,16666666,16600000,282646671839168,-1,282646676818998,282646676890482,282646677128492,282646680743060,282646681420195,19767,213047,282646681420195,282646681037748,282646698945325,282646680743060,
0,92039221,282646688505834,282646688505834,0,282646689006081,282646689007227,282646689007982,282646689110742,282646705105834,282646689001654,16666666,16600000,282646688505834,-1,282646692085638,282646692119753,282646692321992,282646694434284,282646695134622,11823,277969,282646695134622,282646694770810,282646715613294,282646694434284,
0,92039230,282646705164959,282646705164959,0,282646705847409,282646705849144,282646705849753,282646705999049,282646721764959,282646705841914,16666666,16600000,282646705164959,-1,282646709412591,282646709463190,282646709607904,282646711417487,282646712179102,10250,178568,282646712179102,282646711658841,282646732298372,282646711417487,
0,92039239,282646738513292,282646738513292,0,282646739304231,282646739306826,282646739308128,282646739485247,282646755113292,282646739295377,16666666,16600000,282646738513292,-1,282646743273502,282646743642877,282646744092252,282646748200237,282646748824466,34547,306588,282646748824466,282646748594585,282646765632320,282646748200237,
0,92039247,282646771865036,282646771865036,0,282646772754023,282646772756393,282646772757617,282646773020845,282646788465036,282646772744127,16666666,16600000,282646771865036,-1,282646776750403,282646777126288,282646777354882,282646781041887,282646781631053,17750,256666,282646781631053,282646781373892,282646798949074,282646781041887,
0,92039255,282646805198984,282646805198984,0,282646805644934,282646805645533,282646805646314,282646805731616,282646821798984,282646805640767,16666666,16600000,282646805198984,-1,282646808797877,282646808863970,282646809076444,282646812843501,282646813485845,15104,231718,282646813485845,282646813147173,282646832295584,282646812843501,
0,92039264,282646838515738,282646838515738,0,282646839152538,282646839153371,282646839154100,282646839228293,282646855115738,282646839149543,16666666,16600000,282646838515738,-1,282646842564256,282646842655949,282646842879073,282646846671678,282646847356105,14766,287917,282646847356105,282646847038787,282646865655558,282646846671678,
0,92039272,282646871862248,282646871862248,0,282646872618838,282646872619490,282646872620375,282646872711365,282646888462248,282646872615010,16666666,16600000,282646871862248,-1,282646875963475,282646876037068,282646876238969,282646879655297,282646880262302,13907,212058,282646880262302,282646879925896,282646898974672,282646879655297,
0,92039280,282646905222222,282646905222222,0,282646906103708,282646906104671,282646906105609,282646906215323,282646921822222,282646906098864,16666666,16600000,282646905222222,-1,282646909697510,282646909727719,282646909919089,282646913234723,282646913880687,11562,228152,282646913880687,282646913530401,282646932332161,282646913234723,
0,92039288,282646938541336,282646938541336,0,282646939380166,282646939381130,282646939382119,282646939480270,282646955141336,282646939376390,16666666,16600000,282646938541336,-1,282646943143448,282646943503629,282646943735323,282646948230817,282646948816859,15468,303437,282646948816859,282646948639150,282646965646042,282646948230817,
0,92039296,282646971898825,282646971898825,0,282646972702197,282646972703239,282646972704151,282646972799150,282646988498825,282646972698578,16666666,16600000,282646971898825,-1,282646976323811,282646976355504,282646976551572,282646979974984,282646980626416,22786,181224,282646980626416,282646980234150,282646999016181,282646979974984,
0,92039304,282647005212706,282647005212706,0,282647005935113,282647005936077,282647005936754,282647006022743,282647021812706,282647005929801,16666666,16600000,282647005212706,-1,282647007791520,282647007855686,282647008098785,282647011545572,282647012183421,12943,163203,282647012183421,282647011763420,282647032354748,282647011545572,
0,92039313,282647038582845,282647038582845,0,282647039353394,282647039355139,282647039356675,282647039469774,282647055182845,282647039347222,16666666,16600000,282647038582845,-1,282647043615399,282647043788186,282647044314426,282647049988862,282647050587186,43125,246814,282647050587186,282647050291405,282643197977350,282647049988862,
0,92039321,282647071921412,282647071921412,0,282647072700269,282647072701337,282647072702144,282647072780113,282647088521412,282647072696545,16666666,16600000,282647071921412,-1,282647076567821,282647076659800,282647076824383,282647080216961,282647081054200,12761,192839,282647081054200,282647080468576,282643231363209,282647080216961,
0,92039329,282647105258157,282647105258157,0,282647106297456,282647106298446,282647106299592,282647106415815,282647121858157,282647106293081,16666666,16600000,282647105258157,-1,282647110533028,282647110598227,282647110790217,282647114446388,282647115119226,11692,257189,282647115119226,282647114769513,282643264698755,282647114446388,
0,92039337,282647138607505,282647138607505,0,282647139346117,282647139346883,282647139347690,282647139419122,282647155207505,282647139343185,16666666,16600000,282647138607505,-1,282647143328679,282647143425294,282647143862299,282647148809173,282647149466273,26849,238541,282647149466273,282647149124773,282643298026046,282647148809173,
0,92039345,282647171981854,282647171981854,0,282647173145449,282647173146283,282647173147246,282647173280996,282647188581854,282647173139356,16666666,16600000,282647171981854,-1,282647177081178,282647177135111,282647177379304,282647181424408,282647182084486,16943,347474,282647182084486,282647181852221,282643331386723,282647181424408,
0,92039353,282647205303182,282647205303182,0,282647206154225,282647206155761,282647206156985,282647206346543,282647221903182,282647206146855,16666666,16600000,282647205303182,-1,282647210990752,282647211079408,282647211493981,282647215862376,282647216555449,24401,347553,282647216555449,282647216298834,282643364720342,282647215862376,
---PROFILEDATA---


View hierarchy:

  com.termux/com.termux.app.TermuxActivity/android.view.ViewRootImpl@b46882c
  43 views, 135.59 kB of render nodes


Total ViewRootImpl   : 1
Total attached Views : 43
Total RenderNode     : 135.59 kB (used) / 335.49 kB (capacity)

