Applications Graphics Acceleration Info:
Uptime: 282662946 Realtime: 371237675

** Graphics info for pid 2233 [com.termux] (user 0) **

Stats since: 282650860435011ns
Total frames rendered: 600
Janky frames: 4 (0.67%)
Janky frames (legacy): 59 (9.83%)
50th percentile: 5ms
90th percentile: 8ms
95th percentile: 9ms
99th percentile: 13ms
Number Missed Vsync: 4
Number High input latency: 144
Number Slow UI thread: 2
Number Slow bitmap uploads: 0
Number Slow issue draw commands: 0
Number Frame deadline missed: 4
Number Frame deadline missed (legacy): 53
HISTOGRAM: 5ms=350 6ms=110 7ms=59 8ms=25 9ms=37 10ms=7 11ms=4 12ms=2 13ms=2 14ms=0 15ms=0 16ms=2 17ms=0 18ms=0 19ms=0 20ms=0 21ms=0 22ms=0 23ms=1 24ms=0 25ms=0 26ms=0 27ms=0 28ms=0 29ms=0 30ms=0 31ms=0 32ms=1 34ms=0 36ms=0 38ms=0 40ms=0 42ms=0 44ms=0 46ms=0 48ms=0 53ms=0 57ms=0 61ms=0 65ms=0 69ms=0 73ms=0 77ms=0 81ms=0 85ms=0 89ms=0 93ms=0 97ms=0 101ms=0 105ms=0 109ms=0 113ms=0 117ms=0 121ms=0 125ms=0 129ms=0 133ms=0 150ms=0 200ms=0 250ms=0 300ms=0 350ms=0 400ms=0 450ms=0 500ms=0 550ms=0 600ms=0 650ms=0 700ms=0 750ms=0 800ms=0 850ms=0 900ms=0 950ms=0 1000ms=0 1050ms=0 1100ms=0 1150ms=0 1200ms=0 1250ms=0 1300ms=0 1350ms=0 1400ms=0 1450ms=0 1500ms=0 1550ms=0 1600ms=0 1650ms=0 1700ms=0 1750ms=0 1800ms=0 1850ms=0 1900ms=0 1950ms=0 2000ms=0 2050ms=0 2100ms=0 2150ms=0 2200ms=0 2250ms=0 2300ms=0 2350ms=0 2400ms=0 2450ms=0 2500ms=0 2550ms=0 2600ms=0 2650ms=0 2700ms=0 2750ms=0 2800ms=0 2850ms=0 2900ms=0 2950ms=0 3000ms=0 3050ms=0 3100ms=0 3150ms=0 3200ms=0 3250ms=0 3300ms=0 3350ms=0 3400ms=0 3450ms=0 3500ms=0 3550ms=0 3600ms=0 3650ms=0 3700ms=0 3750ms=0 3800ms=0 3850ms=0 3900ms=0 3950ms=0 4000ms=0 4050ms=0 4100ms=0 4150ms=0 4200ms=0 4250ms=0 4300ms=0 4350ms=0 4400ms=0 4450ms=0 4500ms=0 4550ms=0 4600ms=0 4650ms=0 4700ms=0 4750ms=0 4800ms=0 4850ms=0 4900ms=0 4950ms=0
50th gpu percentile: 1ms
90th gpu percentile: 1ms
95th gpu percentile: 1ms
99th gpu percentile: 2ms
GPU HISTOGRAM: 1ms=589 2ms=11 3ms=0 4ms=0 5ms=0 6ms=0 7ms=0 8ms=0 9ms=0 10ms=0 11ms=0 12ms=0 13ms=0 14ms=0 15ms=0 16ms=0 17ms=0 18ms=0 19ms=0 20ms=0 21ms=0 22ms=0 23ms=0 24ms=0 25ms=0 4950ms=0

Pipeline=Skia (Vulkan)
Memory policy:
  Max surface area: 4021248
  Max resource usage: 193.02MB (x48)
  Background retention: 50% (altUiHidden = true)
  GPU Context timeout: 10
Contexts: 1 (stopped = 0)
CPU Caches:
  Glyph Cache: 1.17 MB (1 entry)
  Glyph Count: 201 
Total CPU memory usage:
  1226689 bytes, 1.17 MB (0.00 bytes is purgeable)
GPU Caches:
  Other:
    Other: 135.03 KB (1 entry)
  Image:
    Surface: 45.94 MB (21 entries)
  Scratch:
    Buffer Object: 6.14 MB (7 entries)
    Surface: 142.99 MB (91 entries)
Total GPU memory usage:
  204681280 bytes, 195.20 MB (116.00 MB is purgeable)
Pipeline Cache: inactive
GraphicBufferAllocator buffers:
            Handle |         Size |     W (Stride) x H | Layers |   Format |      Usage | Requestor
0xb400007c6687e860 | 15708.00 KiB | 1344 (1344) x 2992 |      1 |        1 | 0x     b00 | VRI[TermuxActivity]#229(BLAST Consumer)229
0xb400007c66895e10 | 15708.00 KiB | 1344 (1344) x 2992 |      1 |        1 | 0x     b00 | VRI[TermuxActivity]#229(BLAST Consumer)229
0xb400007c6689da60 | 15708.00 KiB | 1344 (1344) x 2992 |      1 |        1 | 0x     b00 | VRI[TermuxActivity]#229(BLAST Consumer)229
0xb400007c668b9810 | 15708.00 KiB | 1344 (1344) x 2992 |      1 |        1 | 0x     b00 | VRI[TermuxActivity]#229(BLAST Consumer)229
0xb400007c668ddde0 | 15708.00 KiB | 1344 (1344) x 2992 |      1 |        1 | 0x     b00 | VRI[TermuxActivity]#229(BLAST Consumer)229
Total allocated by GraphicBufferAllocator (estimate): 78540.00 KB
Imported gralloc buffers:
+ name:VRI[TermuxActivity]#229(BLAST Consumer)229, id:382929, size:15782.28KiB, w/h:1344x2992, usage: 0xb00, req fmt:1, fourcc/mod:875708993/10520408729537478695, dataspace: 0x8810000, compressed: true
+ name:VRI[TermuxActivity]#229(BLAST Consumer)229, id:382909, size:15782.28KiB, w/h:1344x2992, usage: 0xb00, req fmt:1, fourcc/mod:875708993/10520408729537478695, dataspace: 0x8810000, compressed: true
+ name:VRI[TermuxActivity]#229(BLAST Consumer)229, id:382913, size:15782.28KiB, w/h:1344x2992, usage: 0xb00, req fmt:1, fourcc/mod:875708993/10520408729537478695, dataspace: 0x8810000, compressed: true
+ name:VRI[TermuxActivity]#229(BLAST Consumer)229, id:382923, size:15782.28KiB, w/h:1344x2992, usage: 0xb00, req fmt:1, fourcc/mod:875708993/10520408729537478695, dataspace: 0x8810000, compressed: true
+ name:VRI[TermuxActivity]#229(BLAST Consumer)229, id:382919, size:15782.28KiB, w/h:1344x2992, usage: 0xb00, req fmt:1, fourcc/mod:875708993/10520408729537478695, dataspace: 0x8810000, compressed: true
Total imported by gralloc: 78911.41KiB

Profile data in ms:

	com.termux/com.termux.app.TermuxActivity/android.view.ViewRootImpl@b46882c (visibility=0)
Window: com.termux/com.termux.app.TermuxActivity
Stats since: 282650860434022ns
Total frames rendered: 600
Janky frames: 4 (0.67%)
Janky frames (legacy): 59 (9.83%)
50th percentile: 5ms
90th percentile: 8ms
95th percentile: 9ms
99th percentile: 13ms
Number Missed Vsync: 4
Number High input latency: 144
Number Slow UI thread: 2
Number Slow bitmap uploads: 0
Number Slow issue draw commands: 0
Number Frame deadline missed: 4
Number Frame deadline missed (legacy): 53
HISTOGRAM: 5ms=350 6ms=110 7ms=59 8ms=25 9ms=37 10ms=7 11ms=4 12ms=2 13ms=2 14ms=0 15ms=0 16ms=2 17ms=0 18ms=0 19ms=0 20ms=0 21ms=0 22ms=0 23ms=1 24ms=0 25ms=0 26ms=0 27ms=0 28ms=0 29ms=0 30ms=0 31ms=0 32ms=1 34ms=0 36ms=0 38ms=0 40ms=0 42ms=0 44ms=0 46ms=0 48ms=0 53ms=0 57ms=0 61ms=0 65ms=0 69ms=0 73ms=0 77ms=0 81ms=0 85ms=0 89ms=0 93ms=0 97ms=0 101ms=0 105ms=0 109ms=0 113ms=0 117ms=0 121ms=0 125ms=0 129ms=0 133ms=0 150ms=0 200ms=0 250ms=0 300ms=0 350ms=0 400ms=0 450ms=0 500ms=0 550ms=0 600ms=0 650ms=0 700ms=0 750ms=0 800ms=0 850ms=0 900ms=0 950ms=0 1000ms=0 1050ms=0 1100ms=0 1150ms=0 1200ms=0 1250ms=0 1300ms=0 1350ms=0 1400ms=0 1450ms=0 1500ms=0 1550ms=0 1600ms=0 1650ms=0 1700ms=0 1750ms=0 1800ms=0 1850ms=0 1900ms=0 1950ms=0 2000ms=0 2050ms=0 2100ms=0 2150ms=0 2200ms=0 2250ms=0 2300ms=0 2350ms=0 2400ms=0 2450ms=0 2500ms=0 2550ms=0 2600ms=0 2650ms=0 2700ms=0 2750ms=0 2800ms=0 2850ms=0 2900ms=0 2950ms=0 3000ms=0 3050ms=0 3100ms=0 3150ms=0 3200ms=0 3250ms=0 3300ms=0 3350ms=0 3400ms=0 3450ms=0 3500ms=0 3550ms=0 3600ms=0 3650ms=0 3700ms=0 3750ms=0 3800ms=0 3850ms=0 3900ms=0 3950ms=0 4000ms=0 4050ms=0 4100ms=0 4150ms=0 4200ms=0 4250ms=0 4300ms=0 4350ms=0 4400ms=0 4450ms=0 4500ms=0 4550ms=0 4600ms=0 4650ms=0 4700ms=0 4750ms=0 4800ms=0 4850ms=0 4900ms=0 4950ms=0
50th gpu percentile: 1ms
90th gpu percentile: 1ms
95th gpu percentile: 1ms
99th gpu percentile: 2ms
GPU HISTOGRAM: 1ms=589 2ms=11 3ms=0 4ms=0 5ms=0 6ms=0 7ms=0 8ms=0 9ms=0 10ms=0 11ms=0 12ms=0 13ms=0 14ms=0 15ms=0 16ms=0 17ms=0 18ms=0 19ms=0 20ms=0 21ms=0 22ms=0 23ms=0 24ms=0 25ms=0 4950ms=0



---PROFILEDATA---
Flags,FrameTimelineVsyncId,IntendedVsync,Vsync,InputEventId,HandleInputStart,AnimationStart,PerformTraversalsStart,DrawStart,FrameDeadline,FrameStartTime,FrameInterval,WorkloadTarget,AnimationTime,AnimationCounter,SyncQueued,SyncStart,IssueDrawCommandsStart,SwapBuffers,FrameCompleted,DequeueBufferDuration,QueueBufferDuration,GpuCompleted,SwapBuffersCompleted,DisplayPresentTime,CommandSubmissionCompleted,
0,92052476,282658925389334,282658925389334,0,282658926661862,282658926662617,282658926663008,282658926735951,282658941989334,282658926658867,16666666,16600000,282658925389334,-1,282658927590612,282658927688007,282658928046940,282658928872539,282658929564752,7317,195235,282658929564752,282658929104675,282658952520768,282658928872539,
0,92052485,282658958750480,282658958750480,0,282658960176627,282658960180039,282658960182877,282658960473059,282658975350480,282658960160654,16666666,16600000,282658958750480,-1,282658962159065,282658962283736,282658963420534,282658967740585,282658968511487,28412,507396,282658968474179,282658968511487,282658985876679,282658967740585,
0,92052493,282658975417146,282658975417146,0,282658977065429,282658977066054,282658977066471,282658977134247,282658992017146,282658977062330,16666666,16600000,282658975417146,-1,282658978197148,282658978292330,282658978632903,282658979496523,282658980171419,7240,183411,282658980171419,282658979718085,282659002537017,282658979496523,
0,92052502,282659008776677,282659008776677,0,282659011165064,282659011169898,282659011171002,282659011465350,282659025376677,282659011152981,16666666,16600000,282659008776677,-1,282659012802329,282659012912225,282659014121340,282659018465272,282659019118658,27605,268985,282659019118658,282659018827382,282659035922694,282659018465272,
0,92052510,282659025443343,282659025443343,0,282659026983110,282659026984272,282659026984699,282659027062511,282659042043343,282659026979829,16666666,16600000,282659025443343,-1,282659028086418,282659028368787,282659028688605,282659029587824,282659030270714,10000,179767,282659030270714,282659029814179,282659052545897,282659029587824,
0,92052519,282659058822692,282659058822692,0,282659060982189,282659060988032,282659060989048,282659061266079,282659075422692,282659060970428,16666666,16600000,282659058822692,-1,282659062642616,282659062807095,282659063967486,282659067371470,282659068176131,86380,287666,282659068176131,282659067768032,282659085911652,282659067371470,
0,92052527,282659075489358,282659075489358,0,282659078535323,282659078536209,282659078536678,282659078615193,282659092089358,282659078532198,16666666,16600000,282659075489358,-1,282659079756105,282659079810375,282659080145220,282659081028943,282659081736782,8141,215271,282659081736782,282659081285141,282659102585313,282659081028943,
0,92052536,282659108811650,282659108811650,0,282659111066756,282659111072980,282659111074334,282659111361651,282659125411650,282659111054282,16666666,16600000,282659108811650,-1,282659112810010,282659112917380,282659114060401,282659117801745,282659118476313,27213,350938,282659118476313,282659118251391,282659135932266,282659117801745,
0,92052544,282659125478316,282659125478316,0,282659127402823,282659127403500,282659127404099,282659127476026,282659142078316,282659127399229,16666666,16600000,282659125478316,-1,282659130494203,282659130786364,282659131173761,282659132137588,282659132836172,9401,194168,282659132836172,282659132383344,282659152583708,282659132137588,
0,92052553,282659158832264,282659158832264,0,282659161099661,282659161104844,282659161106338,282659161382995,282659175432264,282659161086364,16666666,16600000,282659158832264,-1,282659162586858,282659162729828,282659163885260,282659165697171,282659166352057,30929,358021,282659166352057,282659166173604,282659185951911,282659165697171,
0,92052562,282659175498930,282659175498930,0,282659177195765,282659177196728,282659177197145,282659177271364,282659192098930,282659177193109,16666666,16600000,282659175498930,-1,282659178270791,282659178345010,282659178681301,282659179576781,282659180251833,9687,264401,282659180251833,282659179881702,282659202632040,282659179576781,
0,92052571,282659208851909,282659208851909,0,282659211247119,282659211252197,282659211253499,282659211535738,282659225451909,282659211234515,16666666,16600000,282659208851909,-1,282659213000869,282659213108551,282659214266624,282659217826181,282659218489775,33334,333516,282659218489775,282659218267483,282659235969176,282659217826181,
0,92052579,282659225518575,282659225518575,0,282659231102640,282659231103994,282659231105114,282659231214879,282659242118575,282659231098395,16666666,16600000,282659225518575,-1,282659232567916,282659232652197,282659233252379,282659234469566,282659235162301,16407,417657,282659235162301,282659234995114,282659252626587,282659234469566,
0,92052587,282659258869174,282659258869174,0,282659259731076,282659259731962,282659259732535,282659259820555,282659275469174,282659259727352,16666666,16600000,282659258869174,-1,282659261288941,282659261393603,282659261765009,282659264603160,282659265218055,10573,171510,282659265218055,282659264844800,282659285980425,282659264603160,
0,92052596,282659275535840,282659275535840,0,282659275851988,282659275852691,282659275853290,282659275920503,282659292135840,282659275849253,16666666,16600000,282659275535840,-1,282659277326284,282659277364305,282659277737483,282659278737274,282659279399617,7239,234897,282659279399617,282659279017925,282659302651049,282659278737274,
0,92052605,282659292193251,282659292193251,0,282659292526170,282659292526910,282659292527535,282659292604045,282659308793251,282659292521753,16666666,16600000,282659292193251,-1,282659294308811,282659294620659,282659295000738,282659296214280,282659296954384,8151,257474,282659296954384,282659296526727,282659319313263,282659296214280,
0,92052614,282659308880423,282659308880423,0,282659309443367,282659309444539,282659309446492,282659309619174,282659325480423,282659309432316,16666666,16600000,282659308880423,-1,282659311680008,282659311817264,282659313054071,282659315074009,282659315853393,20589,491006,282659315853393,282659315760373,282659335993054,282659315074009,
0,92052623,282659325551047,282659325551047,0,282659327127143,282659327127784,282659327128289,282659327199644,282659342151047,282659327123862,16666666,16600000,282659325551047,-1,282659328403810,282659328475972,282659328862430,282659329820373,282659330480789,10625,343020,282659330480789,282659330212133,282659352642534,282659329820373,
0,92052632,282659358893052,282659358893052,0,282659361238575,282659361243783,282659361244773,282659361521232,282659375493052,282659361226231,16666666,16600000,282659358893052,-1,282659362773409,282659362888341,282659364103367,282659367348393,282659368190815,29807,307838,282659368190815,282659367789746,282659386058341,282659367348393,
0,92052640,282659375559718,282659375559718,0,282659378082288,282659378083106,282659378083548,282659378160216,282659392159718,282659378079877,16666666,16600000,282659375559718,-1,282659379079330,282659379157950,282659379495346,282659380521934,282659381284017,7995,379568,282659381284017,282659381029747,282659402670345,282659380521934,
0,92052649,282659408958339,282659408958339,0,282659409556152,282659409558678,282659409560085,282659409710111,282659425558339,282659409547653,16666666,16600000,282659408958339,-1,282659411213106,282659411351022,282659412502611,282659416305554,282659417011335,24870,302786,282659417011335,282659416722793,282659436019017,282659416305554,
0,92052658,282659425625005,282659425625005,0,282659426340934,282659426341673,282659426342090,282659426410491,282659442225005,282659426337585,16666666,16600000,282659425625005,-1,282659427490684,282659427578861,282659427967220,282659428896100,282659429604381,6370,211744,282659429604381,282659429145554,282659452668444,282659428896100,
0,92052667,282659458919015,282659458919015,0,282659460151934,282659460154450,282659460155397,282659460350491,282659475519015,282659460143486,16666666,16600000,282659458919015,-1,282659461849824,282659462024537,282659463195787,282659466690267,282659467334798,31120,278750,282659467334798,282659467072948,282659486052767,282659466690267,
0,92052676,282659475585681,282659475585681,0,282659475987037,282659475987740,282659475988235,282659476086672,282659492185681,282659475983912,16666666,16600000,282659475585681,-1,282659477176204,282659477490188,282659477894944,282659478853600,282659479549668,10495,209062,282659479549668,282659479107089,282659502711126,282659478853600,
0,92052685,282659508952765,282659508952765,0,282659509775370,282659509776333,282659509776880,282659509870058,282659525552765,282659509772271,16666666,16600000,282659508952765,-1,282659511090553,282659511168261,282659511489511,282659514644250,282659515298391,9375,232812,282659515298391,282659514967714,282659536050552,282659514644250,
0,92052694,282659525619431,282659525619431,0,282659526078078,282659526078834,282659526079172,282659526138625,282659542219431,282659526075578,16666666,16600000,282659525619431,-1,282659527215422,282659527255839,282659527561750,282659528385005,282659529211334,6380,278855,282659529211334,282659528714172,282659552709448,282659528385005,
0,92052703,282659542277790,282659542277790,0,282659543265698,282659543267401,282659543268286,282659543430005,282659558877790,282659543256427,16666666,16600000,282659542277790,-1,282659544919667,282659546456437,282659547549849,282659548990161,282659549689901,23620,266615,282659549689901,282659549321922,282659569382713,282659548990161,
0,92052712,282659558950550,282659558950550,0,282659560257547,282659560258286,282659560258729,282659560327297,282659575550550,282659560254380,16666666,16600000,282659558950550,-1,282659561404223,282659561437141,282659561776281,282659562697530,282659563405917,11693,201500,282659563405917,282659562945500,282659586040500,282659562697530,
0,92052721,282659592282711,282659592282711,0,282659592501489,282659592501984,282659592502479,282659592555682,282659608882711,282659592498234,16666666,16600000,282659592282711,-1,282659593718520,282659593747427,282659594074353,282659596407036,282659597056463,8489,289010,282659597056463,282659596796661,282659619415525,282659596407036,
0,92052730,282659608949377,282659608949377,0,282659609298781,282659609299666,282659609300239,282659609379301,282659625549377,282659609295187,16666666,16600000,282659608949377,-1,282659610949092,282659611121619,282659611498598,282659612299040,282659612997712,8880,223386,282659612997712,282659612561984,282659636071097,282659612299040,
0,92052739,282659625607164,282659625607164,0,282659625906931,282659625907608,282659625908389,282659625975890,282659642207164,282659625902998,16666666,16600000,282659625607164,-1,282659627160577,282659627322687,282659627675473,282659628581723,282659629302556,10938,199375,282659629302556,282659628826332,282659652735733,282659628581723,
0,92052748,282659642315523,282659642315523,0,282659642695071,282659642695785,282659642696566,282659642764327,282659658915523,282659642691904,16666666,16600000,282659642315523,-1,282659644034093,282659644068364,282659644484873,282659645298312,282659646023676,7213,214208,282659646023676,282659645554613,282659669402077,282659645298312,
0,92052757,282659658971095,282659658971095,0,282659659294274,282659659295134,282659659295863,282659659357581,282659675571095,282659659290915,16666666,16600000,282659658971095,-1,282659660603545,282659660642972,282659660944822,282659661889144,282659662462139,7100,187292,282659662462139,282659662135541,282659686080342,282659661889144,
0,92052766,282659675635731,282659675635731,0,282659675990150,282659675991201,282659675991982,282659676081722,282659692235731,282659675987269,16666666,16600000,282659675635731,-1,282659677424925,282659677454430,282659677742399,282659678546618,282659679245967,5755,176067,282659679245967,282659678758857,282659702742738,282659678546618,
0,92052775,282659692302075,282659692302075,0,282659692687868,282659692688857,282659692689665,282659692770498,282659708902075,282659692683753,16666666,16600000,282659692302075,-1,282659694147295,282659694189170,282659694548102,282659695465524,282659696171357,7109,177423,282659696171357,282659695687061,282659719419768,282659695465524,
0,92052784,282659708980340,282659708980340,0,282659709454248,282659709455758,282659709456582,282659709574091,282659725580340,282659709448180,16666666,16600000,282659708980340,-1,282659711157634,282659711219977,282659711850368,282659712981695,282659713704196,10130,289428,282659713704196,282659713370289,282659736089456,282659712981695,
0,92052793,282659725642736,282659725642736,0,282659726118336,282659726119092,282659726119706,282659726208440,282659742242736,282659726113727,16666666,16600000,282659725642736,-1,282659727735654,282659727777841,282659728347997,282659729393076,282659730128336,9088,236354,282659730128336,282659729683961,282659752775784,282659729393076,
0,92052802,282659742319766,282659742319766,0,282659742848909,282659742850367,282659742850888,282659742934248,282659758919766,282659742844821,16666666,16600000,282659742319766,-1,282659744173388,282659744278570,282659745027581,282659746431122,282659747239195,13463,358126,282659747239195,282659746934664,282659769450133,282659746431122,
0,92052811,282659758989454,282659758989454,0,282659762136070,282659762137451,282659762138076,282659762213076,282659775589454,282659762132711,16666666,16600000,282659758989454,-1,282659763777815,282659763812632,282659764203831,282659765274012,282659765962892,8151,196485,282659765962892,282659765554638,282659786106164,282659765274012,
0,92052820,282659792350131,282659792350131,0,282659792789038,282659792790028,282659792790731,282659792866851,282659808950131,282659792784940,16666666,16600000,282659792350131,-1,282659794558648,282659794648413,282659794996902,282659797892502,282659798412788,10678,158177,282659798412788,282659798107033,282659819452163,282659797892502,
0,92052829,282659809016797,282659809016797,0,282659812350210,282659812350913,282659812351502,282659812436487,282659825616797,282659812346798,16666666,16600000,282659809016797,-1,282659813885731,282659813962684,282659814416929,282659815498803,282659816196251,9818,238152,282659816196251,282659815792007,282659836143334,282659815498803,
0,92052838,282659842352161,282659842352161,0,282659843061251,282659843063986,282659843065887,282659843286824,282659858952161,282659843050444,16666666,16600000,282659842352161,-1,282659845500522,282659845627231,282659846856876,282659850861147,282659851876434,32083,528125,282659851876434,282659851620652,282659869473090,282659850861147,
0,92052846,282659859018827,282659859018827,0,282659863566668,282659863567814,282659863568282,282659863649246,282659875618827,282659863563429,16666666,16600000,282659859018827,-1,282659865040574,282659865122813,282659865609106,282659866577605,282659867272396,12318,222501,282659867272396,282659866849480,282659886155652,282659866577605,
0,92052855,282659892373088,282659892373088,0,282659894119662,282659894122917,282659894124167,282659894327735,282659908973088,282659894112438,16666666,16600000,282659892373088,-1,282659895628646,282659895709715,282659896420001,282659899079167,282659899780521,19672,307145,282659899780521,282659899495625,282659919474349,282659899079167,
0,92052864,282659909039754,282659909039754,0,282659909467214,282659909467969,282659909468334,282659909537865,282659925639754,282659909464714,16666666,16600000,282659909039754,-1,282659910290443,282659910355261,282659910706980,282659911552735,282659912248594,7500,177396,282659912248594,282659911770651,282659936137552,282659911552735,
0,92052873,282659942374347,282659942374347,0,282659943978870,282659943981682,282659943982916,282659944203438,282659958974347,282659943972135,16666666,16600000,282659942374347,-1,282659945497396,282659945547708,282659946164297,282659949132968,282659949881250,16459,357058,282659949881250,282659949570573,282659969504635,282659949132968,
0,92052882,282659959041013,282659959041013,0,282659959333046,282659959333828,282659959334192,282659959411406,282659975641013,282659959330364,16666666,16600000,282659959041013,-1,282659960293464,282659960350755,282659960674479,282659961533542,282659962213516,7213,189557,282659962213516,282659961763099,282659986161614,282659961533542,
0,92052891,282659992404633,282659992404633,0,282659994090484,282659994092994,282659994094244,282659994287707,282660009004633,282659994083593,16666666,16600000,282659992404633,-1,282659995541848,282659995625416,282659996221822,282659998825119,282659999573567,16589,365626,282659999573567,282659999269140,282660019528765,282659998825119,
0,92052900,282660009071299,282660009071299,0,282660011405598,282660011409530,282660011410520,282660011699400,282660025671299,282660011394182,16666666,16600000,282660009071299,-1,282660013022342,282660013143645,282660014366223,282660016400755,282660017122708,19557,241796,282660017122708,282660016778817,282660036203071,282660016400755,
0,92052909,282660025728278,282660025728278,0,282660027998880,282660027999739,282660028000156,282660028100051,282660042328278,282660027995781,16666666,16600000,282660025728278,-1,282660029017941,282660029093697,282660029418332,282660030347134,282660031070702,8282,184818,282660031070702,282660030581562,282660052862629,282660030347134,
0,92052918,282660059103069,282660059103069,0,282660061293348,282660061298436,282660061299988,282660061606067,282660075703069,282660061281092,16666666,16600000,282660059103069,-1,282660063059894,282660063172707,282660064362915,282660068350259,282660069128139,29000,464453,282660069128139,282660068970701,282660086204582,282660068350259,
0,92052926,282660075769735,282660075769735,0,282660079549399,282660079550102,282660079550597,282660079634139,282660092369735,282660079546326,16666666,16600000,282660075769735,-1,282660080590988,282660080655258,282660081002238,282660081885545,282660082585363,8333,189271,282660082585363,282660082114399,282660103419294,282660081885545,
0,92052935,282660109104580,282660109104580,0,282660111407758,282660111412853,282660111413930,282660111721117,282660125704580,282660111394894,16666666,16600000,282660109104580,-1,282660113112784,282660113230519,282660114516092,282660118589295,282660119283487,35130,253906,282660119283487,282660118932306,282660136252080,282660118589295,
0,92052943,282660125771246,282660125771246,0,282660127366248,282660127367081,282660127367524,282660127445519,282660142371246,282660127363045,16666666,16600000,282660125771246,-1,282660128462237,282660128564060,282660128960128,282660129877080,282660130728722,8619,197866,282660130728722,282660130117107,282660152894607,282660129877080,
0,92052952,282660159152078,282660159152078,0,282660161545154,282660161549373,282660161550857,282660161852758,282660175752078,282660161532472,16666666,16600000,282660159152078,-1,282660163350622,282660163479060,282660164924711,282660169141914,282660169789007,40755,254505,282660169789007,282660169496195,282660186240544,282660169141914,
0,92052960,282660175818744,282660175818744,0,282660179977809,282660179978591,282660179979007,282660180080804,282660192418744,282660179974867,16666666,16600000,282660175818744,-1,282660181012549,282660181090023,282660181388356,282660182259008,282660182973747,7438,195729,282660182973747,282660182496299,282660202875518,282660182259008,
0,92052969,282660192461271,282660192461271,0,282660192680768,282660192681289,282660192681768,282660192726533,282660209061271,282660192678695,16666666,16600000,282660192461271,-1,282660193575387,282660193858383,282660194155570,282660195074762,282660195800205,9505,216641,282660195800205,282660195336585,282660219597080,282660195074762,
0,92052978,282660225775516,282660225775516,0,282660226238043,282660226238737,282660226239319,282660226304059,282660242375516,282660226235075,16666666,16600000,282660225775516,-1,282660228108096,282660228184267,282660228603251,282660231225960,282660231934528,10172,259426,282660231934528,282660231569970,282660252948772,282660231225960,
0,92052987,282660242442182,282660242442182,0,282660243097835,282660243098929,282660243099840,282660243203355,282660259042182,282660243093590,16666666,16600000,282660242442182,-1,282660244439605,282660244518564,282660244926871,282660245866923,282660246599188,9011,220365,282660246599188,282660246134528,282660269584527,282660245866923,
0,92052996,282660259163744,282660259163744,0,282660259743876,282660259744710,282660259745257,282660259830309,282660275763744,282660259740257,16666666,16600000,282660259163744,-1,282660261064788,282660261101991,282660261474266,282660262686714,282660263336532,8619,195600,282660263336532,282660262959814,282660286243850,282660262686714,
0,92053005,282660275848770,282660275848770,0,282660276598736,282660276601454,282660276602694,282660276824006,282660292448770,282660276585142,16666666,16600000,282660275848770,-1,282660278203667,282660278285776,282660278893667,282660279985126,282660280716402,12735,258646,282660280716402,282660280349085,282660302929188,282660279985126,
0,92053014,282660292484525,282660292484525,0,282660293741782,282660293743589,282660293744969,282660293873173,282660309084525,282660293736323,16666666,16600000,282660292484525,-1,282660295386975,282660295465620,282660295849345,282660297247157,282660297662391,8256,224843,282660297662391,282660297561323,282660319600646,282660297247157,
0,92053023,282660325829186,282660325829186,0,282660327985255,282660327989317,282660327990359,282660328309917,282660342429186,282660327974031,16666666,16600000,282660325829186,-1,282660329588927,282660329738979,282660331100776,282660335292599,282660335981532,32838,488647,282660335981532,282660335942495,282660352932000,282660335292599,
0,92053031,282660342495852,282660342495852,0,282660345143484,282660345144630,282660345145125,282660345224760,282660359095852,282660345140047,16666666,16600000,282660342495852,-1,282660346159162,282660346209657,282660346591088,282660347524084,282660348211089,10781,212015,282660348211089,282660347776974,282660369641609,282660347524084,
0,92053040,282660375831998,282660375831998,0,282660377951453,282660377955844,282660377957182,282660378222416,282660392431998,282660377939630,16666666,16600000,282660375831998,-1,282660379561426,282660379631922,282660380962964,282660384511765,282660385182859,30713,243672,282660385182859,282660384874760,282660402960880,282660384511765,
0,92053048,282660392498664,282660392498664,0,282660396210905,282660396211713,282660396212260,282660396284489,282660409098664,282660396207989,16666666,16600000,282660392498664,-1,282660397278302,282660397331140,282660397646895,282660398677937,282660399383848,8255,210469,282660399383848,282660399013172,282660419606582,282660398677937,
0,92053057,282660425860878,282660425860878,0,282660427450150,282660427452520,282660427453718,282660427637806,282660442460878,282660427443328,16666666,16600000,282660425860878,-1,282660429114134,282660429178483,282660429778665,282660432396139,282660433150801,14896,401329,282660433150801,282660432871530,282660452969290,282660432396139,
0,92053066,282660442527544,282660442527544,0,282660443720384,282660443721244,282660443721650,282660443806113,282660459127544,282660443717181,16666666,16600000,282660442527544,-1,282660444746816,282660444823093,282660445167780,282660446017701,282660446772103,8229,191876,282660446772103,282660446249785,282660469707571,282660446017701,
0,92053075,282660475869288,282660475869288,0,282660478154889,282660478159863,282660478161399,282660478469785,282660492469288,282660478142874,16666666,16600000,282660475869288,-1,282660479994186,282660480160243,282660480932623,282660483872076,282660484460227,15443,295730,282660484460227,282660484245374,282660503035686,282660483872076,
0,92053083,282660492535954,282660492535954,0,282660494117597,282660494118326,282660494118743,282660494204394,282660509135954,282660494114707,16666666,16600000,282660492535954,-1,282660495119862,282660495210530,282660495544550,282660496488785,282660497721764,7005,527396,282660497721764,282660497167467,282660519680852,282660496488785,
0,92053092,282660525935684,282660525935684,0,282660528236737,282660528241363,282660528242493,282660528524331,282660542535684,282660528225712,16666666,16600000,282660525935684,-1,282660530005618,282660530157535,282660531301113,282660535229055,282660536049602,31067,530808,282660535969133,282660536049602,282660553038742,282660535229055,
0,92053100,282660542602350,282660542602350,0,282660545262560,282660545263273,282660545263716,282660545341528,282660559202350,282660545258924,16666666,16600000,282660542602350,-1,282660546433456,282660546547388,282660546936867,282660547834914,282660548519549,10546,215965,282660548519549,282660548087727,282660569710252,282660547834914,
0,92053109,282660575938740,282660575938740,0,282660579387908,282660579393065,282660579394148,282660579679706,282660592538740,282660579375122,16666666,16600000,282660575938740,-1,282660581177143,282660581289966,282660582482690,282660586345461,282660587343533,34896,463620,282660587343533,282660586965555,282660603022440,282660586345461,
0,92053117,282660592605406,282660592605406,0,282660596623576,282660596624705,282660596625122,282660596713706,282660609205406,282660596621102,16666666,16600000,282660592605406,-1,282660597653299,282660597725346,282660598080018,282660599039419,282660599696502,9401,249921,282660599696502,282660599328221,282660619696971,282660599039419,
0,92053126,282660625922438,282660625922438,0,282660628375720,282660628381632,282660628382647,282660628665512,282660642522438,282660628363315,16666666,16600000,282660625922438,-1,282660629984288,282660630155278,282660631480877,282660635296320,282660636391725,28203,514567,282660636391725,282660636046361,282660653087220,282660635296320,
0,92053134,282660642589104,282660642589104,0,282660646211762,282660646212533,282660646212986,282660646291397,282660659189104,282660646208767,16666666,16600000,282660642589104,-1,282660647423116,282660647499392,282660647889001,282660648759288,282660649591814,7969,179166,282660649591814,282660649031137,282660669742038,282660648759288,
0,92053143,282660675987218,282660675987218,0,282660678042246,282660678046032,282660678047230,282660678348219,282660692587218,282660678030876,16666666,16600000,282660675987218,-1,282660679788559,282660679972611,282660681321553,282660685055954,282660686080459,35895,818203,282660686026006,282660686080459,282660703067360,282660685055954,
0,92053151,282660692653884,282660692653884,0,282660695651709,282660695652740,282660695653141,282660695735693,282660709253884,282660695648870,16666666,16600000,282660692653884,-1,282660696683584,282660696754470,282660697143871,282660698103272,282660698757334,10078,194401,282660698757334,282660698336839,282660719712376,282660698103272,
0,92053160,282660725967358,282660725967358,0,282660727713037,282660727715433,282660727716136,282660727902802,282660742567358,282660727706657,16666666,16600000,282660725967358,-1,282660729065797,282660729145745,282660729714183,282660732370068,282660733022880,16692,390089,282660733022880,282660732862308,282660753101760,282660732370068,
0,92053169,282660742634024,282660742634024,0,282660744883844,282660744885016,282660744885980,282660745020016,282660759234024,282660744879391,16666666,16600000,282660742634024,-1,282660746036031,282660746070380,282660746483479,282660747771604,282660748521213,15807,279115,282660748521213,282660748133219,282660769756734,282660747771604,
0,92053178,282660759279040,282660759279040,0,282660759598375,282660759599104,282660759599781,282660759651109,282660775879040,282660759595526,16666666,16600000,282660759279040,-1,282660760537281,282660760607203,282660760969546,282660762004885,282660762665276,7890,207500,282660762665276,282660762290276,282660786440354,282660762004885,
0,92053187,282660776001758,282660776001758,0,282660776267281,282660776268036,282660776268635,282660776340510,282660792601758,282660776264234,16666666,16600000,282660776001758,-1,282660777551890,282660777861266,282660778212177,282660779209885,282660779902489,10963,232239,282660779902489,282660779504468,282660803096448,282660779209885,
0,92053196,282660809340352,282660809340352,0,282660809928686,282660809929364,282660809929780,282660809999624,282660825940352,282660809926265,16666666,16600000,282660809340352,-1,282660811189858,282660811261525,282660811596708,282660814613531,282660815311552,10859,458723,282660815311552,282660815181681,282660836458634,282660814613531,
0,92053205,282660826007018,282660826007018,0,282660827600744,282660827603036,282660827604051,282660827829129,282660842607018,282660827589182,16666666,16600000,282660826007018,-1,282660829538348,282660829626499,282660830901004,282660832785666,282660833379520,21406,208072,282660833379520,282660833069301,282660853113269,282660832785666,
0,92053214,282660842663112,282660842663112,0,282660844461733,282660844462166,282660844462671,282660844547697,282660859263112,282660844458270,16666666,16600000,282660842663112,-1,282660845666786,282660845763452,282660846168505,282660847141655,282660847860369,9818,210807,282660847860369,282660847405561,282660869785066,282660847141655,
0,92053223,282660859358632,282660859358632,0,282660859527827,282660859528686,282660859529129,282660859585717,282660875958632,282660859524623,16666666,16600000,282660859358632,-1,282660860916837,282660860949259,282660861283634,282660862110248,282660862809571,7161,186678,282660862809571,282660862342853,282660886467045,282660862110248,
0,92053232,282660892685064,282660892685064,0,282660893232644,282660893233529,282660893234076,282660893317801,282660909285064,282660893227852,16666666,16600000,282660892685064,-1,282660894748712,282660894798035,282660895398754,282660897987488,282660898751055,17005,248255,282660898751055,282660898347982,282660919809832,282660897987488,
0,92053241,282660909351730,282660909351730,0,282660909882982,282660909884649,282660909886342,282660910007591,282660925951730,282660909877722,16666666,16600000,282660909351730,-1,282660911441264,282660911473712,282660911808972,282660912637748,282660913383842,6797,181917,282660913383842,282660912861394,282660936468633,282660912637748,
0,92053250,282660926033709,282660926033709,0,282660926734935,282660926735456,282660926735951,282660926795716,282660942633709,282660926732513,16666666,16600000,282660926033709,-1,282660928248503,282660928280456,282660928596055,282660929586107,282660930253086,8776,222448,282660930253086,282660929884310,282660953137956,282660929586107,
0,92053259,282660942709830,282660942709830,0,282660942954857,282660942955613,282660942956134,282660943019144,282660959309830,282660942951393,16666666,16600000,282660942709830,-1,282660944590794,282660944623034,282660944953659,282660945793581,282660946486576,8073,172969,282660946486576,282660946010586,282660969822409,282660945793581,
0,92053268,282660959368631,282660959368631,0,282660959735847,282660959736810,282660959737357,282660959802982,282660975968631,282660959732644,16666666,16600000,282660959368631,-1,282660961360221,282660961389362,282660961717696,282660962611289,282660963307669,7656,185365,282660963307669,282660962842148,282660986479310,282660962611289,
0,92053277,282660976037954,282660976037954,0,282660976474049,282660976474830,282660976475403,282660976551628,282660992637954,282660976470559,16666666,16600000,282660976037954,-1,282660978203112,282660978239700,282660978611341,282660979537070,282660980228502,8073,208943,282660980228502,282660979795768,282661003171836,282660979537070,
0,92053286,282660992722407,282660992722407,0,282660992951757,282660992952695,282660992953476,282660993034153,282661009322407,282660992947138,16666666,16600000,282660992722407,-1,282660994651774,282660994694336,282660995014664,282660995913581,282660996595299,9948,227578,282660996595299,282660996188476,282661019839674,282660995913581,
0,92053295,282661009379308,282661009379308,0,282661009752278,282661009753294,282661009754023,282661009852799,282661025979308,282661009747721,16666666,16600000,282661009379308,-1,282661011692721,282661011742695,282661012349856,282661013554570,282661014234273,10443,234193,282661014234273,282661013896288,282661036497512,282661013554570,
0,92053304,282661026071834,282661026071834,0,282661027032486,282661027033242,282661027033762,282661027119387,282661042671834,282661027027955,16666666,16600000,282661026071834,-1,282661028389596,282661028427164,282661028925325,282661030015939,282661030684491,9089,193787,282661030684491,282661030291757,282661053187668,282661030015939,
0,92053313,282661059397510,282661059397510,0,282661059898996,282661059900220,282661059901132,282661059991705,282661075997510,282661059894882,16666666,16600000,282661059397510,-1,282661061464465,282661061515610,282661062111652,282661065435116,282661066084985,20521,237162,282661066084985,282661065755142,282661086533188,282661065435116,
0,92053322,282661076064176,282661076064176,0,282661076625533,282661076626861,282661076628267,282661076769907,282661092664176,282661076618778,16666666,16600000,282661076064176,-1,282661078351131,282661078412928,282661079139048,282661080615142,282661081437433,15339,433698,282661081437433,282661081193736,282661103194881,282661080615142,
0,92053331,282661092754332,282661092754332,0,282661094308865,282661094309673,282661094310454,282661094387199,282661109354332,282661094304542,16666666,16600000,282661092754332,-1,282661095845349,282661095889517,282661096385896,282661097507381,282661098138293,12370,170000,282661098138293,282661097753943,282661119880350,282661097507381,
0,92053340,282661126094879,282661126094879,0,282661126665532,282661126666729,282661126667537,282661126766703,282661142694879,282661126661235,16666666,16600000,282661126094879,-1,282661128434178,282661128484672,282661129170391,282661130430922,282661131215053,20573,305053,282661131215053,282661130842068,282661153216615,282661130430922,
0,92053349,282661142761545,282661142761545,0,282661143990115,282661143990896,282661143991625,282661144097875,282661159361545,282661143986026,16666666,16600000,282661142761545,-1,282661145667251,282661145708214,282661146147771,282661147236599,282661147946547,9869,233073,282661147946547,282661147540662,282661169887875,282661147236599,
0,92053358,282661176116613,282661176116613,0,282661176571651,282661176573162,282661176573995,282661176689818,282661192716613,282661176566261,16666666,16600000,282661176116613,-1,282661178262370,282661178332067,282661179028057,282661181946885,282661182619229,19948,285807,282661182619229,282661182328395,282661203236651,282661181946885,
0,92053367,282661192783279,282661192783279,0,282661193117275,282661193118291,282661193118994,282661193225010,282661209383279,282661193112848,16666666,16600000,282661192783279,-1,282661194735948,282661194826156,282661195380297,282661196944567,282661197624281,11953,217189,282661197624281,282661197244906,282661219940427,282661196944567,
0,92053376,282661209454539,282661209454539,0,282661216372343,282661216373291,282661216373916,282661216469749,282661226054539,282661216367041,16666666,16600000,282661209454539,-1,282661217789645,282661217832822,282661218350348,282661219520546,282661220254853,14349,264297,282661220254853,282661219901052,282661236578890,282661219520546,
0,92053384,282661242840425,282661242840425,0,282661243276754,282661243277509,282661243277952,282661243348551,282661259440425,282661243273733,16666666,16600000,282661242840425,-1,282661244657041,282661244690712,282661245095036,282661247982796,282661248562014,12213,195313,282661248562014,282661248272536,282661269923863,282661247982796,
0,92053393,282661259507091,282661259507091,0,282661259780373,282661259781024,282661259781493,282661259838916,282661276107091,282661259777431,16666666,16600000,282661259507091,-1,282661261122015,282661261152562,282661261440712,282661262284149,282661262979722,7318,170521,282661262979722,282661262489983,282661286603655,282661262284149,
0,92053402,282661276145554,282661276145554,0,282661276711389,282661276712405,282661276713264,282661276810452,282661292745554,282661276706155,16666666,16600000,282661276145554,-1,282661278737353,282661278787014,282661279386337,282661280633082,282661281373316,14307,446120,282661281373316,282661281166650,282661303259644,282661280633082,
0,92053411,282661292823861,282661292823861,0,282661295838889,282661295839618,282661295840139,282661295917847,282661309423861,282661295835113,16666666,16600000,282661292823861,-1,282661298803004,282661298863915,282661299242457,282661300199696,282661300876327,9766,230366,282661300876327,282661300485139,282661319942092,282661300199696,
0,92053420,282661326159642,282661326159642,0,282661327931857,282661327933914,282661327934644,282661328114748,282661342759642,282661327925217,16666666,16600000,282661326159642,-1,282661329102665,282661329191232,282661329972742,282661332795035,282661333558524,19610,306458,282661333558524,282661333183940,282661353293435,282661332795035,
0,92053429,282661342826308,282661342826308,0,282661345197170,282661345201883,282661345202899,282661345497456,282661359426308,282661345185581,16666666,16600000,282661342826308,-1,282661346857299,282661347006623,282661348313185,282661349775008,282661350528602,21015,361172,282661350528602,282661350223316,282661369975649,282661349775008,
0,92053438,282661359508756,282661359508756,0,282661362328263,282661362329096,282661362329591,282661362399826,282661376108756,282661362325606,16666666,16600000,282661359508756,-1,282661363384435,282661363444070,282661363743706,282661365105164,282661365717508,8932,231614,282661365717508,282661365513471,282661386652742,282661365105164,
0,92053447,282661392875647,282661392875647,0,282661393676127,282661393678679,282661393679929,282661393912341,282661409475647,282661393663653,16666666,16600000,282661392875647,-1,282661395434253,282661395582299,282661396693393,282661399625528,282661400423340,15078,211302,282661400423340,282661399934487,282661419971023,282661399625528,
0,92053456,282661409542313,282661409542313,0,282661409852794,282661409853809,282661409854434,282661409926127,282661426142313,282661409849747,16666666,16600000,282661409542313,-1,282661411011987,282661411047924,282661411417585,282661412287065,282661413019226,7319,187551,282661413019226,282661412518158,282661436629773,282661412287065,
0,92053465,282661442871021,282661442871021,0,282661443435814,282661443437871,282661443438929,282661443594512,282661459471021,282661443425319,16666666,16600000,282661442871021,-1,282661445176491,282661445251908,282661446443617,282661450494460,282661451169095,34885,222275,282661451169095,282661450805007,282661469977038,282661450494460,
0,92053474,282661459537687,282661459537687,0,282661461126127,282661461126934,282661461127481,282661461201700,282661476137687,282661461122299,16666666,16600000,282661459537687,-1,282661462381881,282661462411778,282661462809017,282661463722168,282661464532220,7838,192724,282661464532220,282661463959356,282661486670032,282661463722168,
0,92053483,282661492877036,282661492877036,0,282661493594173,282661493596439,282661493597975,282661493793157,282661509477036,282661493584069,16666666,16600000,282661492877036,-1,282661495626230,282661495732923,282661496751934,282661499776308,282661500508548,19427,337291,282661500508548,282661500264876,282658802462410,282661499776308,
0,92053492,282661509543702,282661509543702,0,282661511950136,282661511950787,282661511951282,282661512044693,282661526143702,282661511946750,16666666,16600000,282661509543702,-1,282661513132428,282661513240787,282661513653105,282661514598573,282661515331986,10052,195782,282661515331986,282661514839996,282658835825170,282661514598573,
0,92053501,282661542903988,282661542903988,0,282661545334224,282661545338000,282661545339016,282661545633390,282661559503988,282661545322167,16666666,16600000,282661542903988,-1,282661546879578,282661547028834,282661548297454,282661551383989,282661552137818,31214,294599,282661552137818,282661551806412,282658852512123,282661551383989,
0,92053509,282661559570654,282661559570654,0,282661562781125,282661562781906,282661562782297,282661562853156,282661576170654,282661562778260,16666666,16600000,282661559570654,-1,282661563765292,282661563823235,282661564129823,282661565122678,282661565873313,6859,277161,282661565873313,282661565465552,282658885822670,282661565122678,
0,92053518,282661592905993,282661592905993,0,282661593469667,282661593471229,282661593471906,282661593596073,282661609505993,282661593465083,16666666,16600000,282661592905993,-1,282661594980213,282661595036541,282661595748833,282661598542739,282661599263990,26380,276093,282661599263990,282661598964119,282658902535794,282661598542739,
0,92053527,282661609572659,282661609572659,0,282661609999015,282661610000541,282661610001932,282661610087010,282661626172659,282661609993728,16666666,16600000,282661609572659,-1,282661611326046,282661611358963,282661611689953,282661612644171,282661613314760,6198,191043,282661613314760,282661612874146,282658935850482,282661612644171,
---PROFILEDATA---


View hierarchy:

  com.termux/com.termux.app.TermuxActivity/android.view.ViewRootImpl@b46882c
  43 views, 118.72 kB of render nodes


Total ViewRootImpl   : 1
Total attached Views : 43
Total RenderNode     : 118.72 kB (used) / 335.49 kB (capacity)

