Applications Graphics Acceleration Info:
Uptime: 282632519 Realtime: 371207248

** Graphics info for pid 2233 [com.termux] (user 0) **

Stats since: 282621225627396ns
Total frames rendered: 343
Janky frames: 0 (0.00%)
Janky frames (legacy): 203 (59.18%)
50th percentile: 9ms
90th percentile: 10ms
95th percentile: 11ms
99th percentile: 12ms
Number Missed Vsync: 0
Number High input latency: 0
Number Slow UI thread: 0
Number Slow bitmap uploads: 0
Number Slow issue draw commands: 0
Number Frame deadline missed: 0
Number Frame deadline missed (legacy): 203
HISTOGRAM: 5ms=5 6ms=15 7ms=48 8ms=102 9ms=94 10ms=59 11ms=15 12ms=5 13ms=0 14ms=0 15ms=0 16ms=0 17ms=0 18ms=0 19ms=0 20ms=0 21ms=0 22ms=0 23ms=0 24ms=0 25ms=0 26ms=0 27ms=0 28ms=0 29ms=0 30ms=0 31ms=0 32ms=0 34ms=0 36ms=0 38ms=0 40ms=0 42ms=0 44ms=0 46ms=0 48ms=0 53ms=0 57ms=0 61ms=0 65ms=0 69ms=0 73ms=0 77ms=0 81ms=0 85ms=0 89ms=0 93ms=0 97ms=0 101ms=0 105ms=0 109ms=0 113ms=0 117ms=0 121ms=0 125ms=0 129ms=0 133ms=0 150ms=0 200ms=0 250ms=0 300ms=0 350ms=0 400ms=0 450ms=0 500ms=0 550ms=0 600ms=0 650ms=0 700ms=0 750ms=0 800ms=0 850ms=0 900ms=0 950ms=0 1000ms=0 1050ms=0 1100ms=0 1150ms=0 1200ms=0 1250ms=0 1300ms=0 1350ms=0 1400ms=0 1450ms=0 1500ms=0 1550ms=0 1600ms=0 1650ms=0 1700ms=0 1750ms=0 1800ms=0 1850ms=0 1900ms=0 1950ms=0 2000ms=0 2050ms=0 2100ms=0 2150ms=0 2200ms=0 2250ms=0 2300ms=0 2350ms=0 2400ms=0 2450ms=0 2500ms=0 2550ms=0 2600ms=0 2650ms=0 2700ms=0 2750ms=0 2800ms=0 2850ms=0 2900ms=0 2950ms=0 3000ms=0 3050ms=0 3100ms=0 3150ms=0 3200ms=0 3250ms=0 3300ms=0 3350ms=0 3400ms=0 3450ms=0 3500ms=0 3550ms=0 3600ms=0 3650ms=0 3700ms=0 3750ms=0 3800ms=0 3850ms=0 3900ms=0 3950ms=0 4000ms=0 4050ms=0 4100ms=0 4150ms=0 4200ms=0 4250ms=0 4300ms=0 4350ms=0 4400ms=0 4450ms=0 4500ms=0 4550ms=0 4600ms=0 4650ms=0 4700ms=0 4750ms=0 4800ms=0 4850ms=0 4900ms=0 4950ms=0
50th gpu percentile: 1ms
90th gpu percentile: 1ms
95th gpu percentile: 1ms
99th gpu percentile: 2ms
GPU HISTOGRAM: 1ms=335 2ms=8 3ms=0 4ms=0 5ms=0 6ms=0 7ms=0 8ms=0 9ms=0 10ms=0 11ms=0 12ms=0 13ms=0 14ms=0 15ms=0 16ms=0 17ms=0 18ms=0 19ms=0 20ms=0 21ms=0 22ms=0 23ms=0 24ms=0 25ms=0 4950ms=0

Pipeline=Skia (Vulkan)
Memory policy:
  Max surface area: 4021248
  Max resource usage: 193.02MB (x48)
  Background retention: 50% (altUiHidden = true)
  GPU Context timeout: 10
Contexts: 1 (stopped = 0)
CPU Caches:
  Glyph Cache: 1.17 MB (1 entry)
  Glyph Count: 201 
Total CPU memory usage:
  1226689 bytes, 1.17 MB (0.00 bytes is purgeable)
GPU Caches:
  Other:
    Other: 309.16 KB (1 entry)
  Image:
    Surface: 14.54 KB (1 entry)
  Scratch:
    Buffer Object: 718.38 KB (23 entries)
    Surface: 78.70 MB (15 entries)
Total GPU memory usage:
  83589312 bytes, 79.72 MB (334.54 KB is purgeable)
Pipeline Cache: inactive
GraphicBufferAllocator buffers:
            Handle |         Size |     W (Stride) x H | Layers |   Format |      Usage | Requestor
0xb400007c6687e860 | 15708.00 KiB | 1344 (1344) x 2992 |      1 |        1 | 0x     b00 | VRI[TermuxActivity]#229(BLAST Consumer)229
0xb400007c66895e10 | 15708.00 KiB | 1344 (1344) x 2992 |      1 |        1 | 0x     b00 | VRI[TermuxActivity]#229(BLAST Consumer)229
0xb400007c6689da60 | 15708.00 KiB | 1344 (1344) x 2992 |      1 |        1 | 0x     b00 | VRI[TermuxActivity]#229(BLAST Consumer)229
0xb400007c668b9810 | 15708.00 KiB | 1344 (1344) x 2992 |      1 |        1 | 0x     b00 | VRI[TermuxActivity]#229(BLAST Consumer)229
0xb400007c668ddde0 | 15708.00 KiB | 1344 (1344) x 2992 |      1 |        1 | 0x     b00 | VRI[TermuxActivity]#229(BLAST Consumer)229
Total allocated by GraphicBufferAllocator (estimate): 78540.00 KB
Imported gralloc buffers:
+ name:VRI[TermuxActivity]#229(BLAST Consumer)229, id:382929, size:15782.28KiB, w/h:1344x2992, usage: 0xb00, req fmt:1, fourcc/mod:875708993/10520408729537478695, dataspace: 0x8810000, compressed: true
+ name:VRI[TermuxActivity]#229(BLAST Consumer)229, id:382909, size:15782.28KiB, w/h:1344x2992, usage: 0xb00, req fmt:1, fourcc/mod:875708993/10520408729537478695, dataspace: 0x8810000, compressed: true
+ name:VRI[TermuxActivity]#229(BLAST Consumer)229, id:382913, size:15782.28KiB, w/h:1344x2992, usage: 0xb00, req fmt:1, fourcc/mod:875708993/10520408729537478695, dataspace: 0x8810000, compressed: true
+ name:VRI[TermuxActivity]#229(BLAST Consumer)229, id:382923, size:15782.28KiB, w/h:1344x2992, usage: 0xb00, req fmt:1, fourcc/mod:875708993/10520408729537478695, dataspace: 0x8810000, compressed: true
+ name:VRI[TermuxActivity]#229(BLAST Consumer)229, id:382919, size:15782.28KiB, w/h:1344x2992, usage: 0xb00, req fmt:1, fourcc/mod:875708993/10520408729537478695, dataspace: 0x8810000, compressed: true
Total imported by gralloc: 78911.41KiB

Profile data in ms:

	com.termux/com.termux.app.TermuxActivity/android.view.ViewRootImpl@b46882c (visibility=0)
Window: com.termux/com.termux.app.TermuxActivity
Stats since: 282621225627136ns
Total frames rendered: 343
Janky frames: 0 (0.00%)
Janky frames (legacy): 203 (59.18%)
50th percentile: 9ms
90th percentile: 10ms
95th percentile: 11ms
99th percentile: 12ms
Number Missed Vsync: 0
Number High input latency: 0
Number Slow UI thread: 0
Number Slow bitmap uploads: 0
Number Slow issue draw commands: 0
Number Frame deadline missed: 0
Number Frame deadline missed (legacy): 203
HISTOGRAM: 5ms=5 6ms=15 7ms=48 8ms=102 9ms=94 10ms=59 11ms=15 12ms=5 13ms=0 14ms=0 15ms=0 16ms=0 17ms=0 18ms=0 19ms=0 20ms=0 21ms=0 22ms=0 23ms=0 24ms=0 25ms=0 26ms=0 27ms=0 28ms=0 29ms=0 30ms=0 31ms=0 32ms=0 34ms=0 36ms=0 38ms=0 40ms=0 42ms=0 44ms=0 46ms=0 48ms=0 53ms=0 57ms=0 61ms=0 65ms=0 69ms=0 73ms=0 77ms=0 81ms=0 85ms=0 89ms=0 93ms=0 97ms=0 101ms=0 105ms=0 109ms=0 113ms=0 117ms=0 121ms=0 125ms=0 129ms=0 133ms=0 150ms=0 200ms=0 250ms=0 300ms=0 350ms=0 400ms=0 450ms=0 500ms=0 550ms=0 600ms=0 650ms=0 700ms=0 750ms=0 800ms=0 850ms=0 900ms=0 950ms=0 1000ms=0 1050ms=0 1100ms=0 1150ms=0 1200ms=0 1250ms=0 1300ms=0 1350ms=0 1400ms=0 1450ms=0 1500ms=0 1550ms=0 1600ms=0 1650ms=0 1700ms=0 1750ms=0 1800ms=0 1850ms=0 1900ms=0 1950ms=0 2000ms=0 2050ms=0 2100ms=0 2150ms=0 2200ms=0 2250ms=0 2300ms=0 2350ms=0 2400ms=0 2450ms=0 2500ms=0 2550ms=0 2600ms=0 2650ms=0 2700ms=0 2750ms=0 2800ms=0 2850ms=0 2900ms=0 2950ms=0 3000ms=0 3050ms=0 3100ms=0 3150ms=0 3200ms=0 3250ms=0 3300ms=0 3350ms=0 3400ms=0 3450ms=0 3500ms=0 3550ms=0 3600ms=0 3650ms=0 3700ms=0 3750ms=0 3800ms=0 3850ms=0 3900ms=0 3950ms=0 4000ms=0 4050ms=0 4100ms=0 4150ms=0 4200ms=0 4250ms=0 4300ms=0 4350ms=0 4400ms=0 4450ms=0 4500ms=0 4550ms=0 4600ms=0 4650ms=0 4700ms=0 4750ms=0 4800ms=0 4850ms=0 4900ms=0 4950ms=0
50th gpu percentile: 1ms
90th gpu percentile: 1ms
95th gpu percentile: 1ms
99th gpu percentile: 2ms
GPU HISTOGRAM: 1ms=335 2ms=8 3ms=0 4ms=0 5ms=0 6ms=0 7ms=0 8ms=0 9ms=0 10ms=0 11ms=0 12ms=0 13ms=0 14ms=0 15ms=0 16ms=0 17ms=0 18ms=0 19ms=0 20ms=0 21ms=0 22ms=0 23ms=0 24ms=0 25ms=0 4950ms=0



---PROFILEDATA---
Flags,FrameTimelineVsyncId,IntendedVsync,Vsync,InputEventId,HandleInputStart,AnimationStart,PerformTraversalsStart,DrawStart,FrameDeadline,FrameStartTime,FrameInterval,WorkloadTarget,AnimationTime,AnimationCounter,SyncQueued,SyncStart,IssueDrawCommandsStart,SwapBuffers,FrameCompleted,DequeueBufferDuration,QueueBufferDuration,GpuCompleted,SwapBuffersCompleted,DisplayPresentTime,CommandSubmissionCompleted,
0,92033959,282628582455269,282628582455269,0,282628583067406,282628583068474,282628583069099,282628583175870,282628599055269,282628583062562,16666666,16600000,282628582455269,-1,282628586741234,282628586791182,282628587027354,282628590967276,282628591641104,19192,289037,282628591641104,282628591351625,282628609572484,282628590967276,
0,92033967,282628615796856,282628615796856,0,282628616892630,282628616893707,282628616894306,282628617000468,282628632396856,282628616888046,16666666,16600000,282628615796856,-1,282628620479619,282628620521442,282628620751989,282628625478880,282628626276286,16963,171171,282628626276286,282628625693942,282628642925140,282628625478880,
0,92033975,282628649139148,282628649139148,0,282628649729905,282628649730426,282628649730973,282628649839254,282628665739148,282628649725061,16666666,16600000,282628649139148,-1,282628653225505,282628653264176,282628653526962,282628658009254,282628658732223,15495,157057,282628658732223,282628658209670,282628676286024,282628658009254,
0,92033983,282628682491804,282628682491804,0,282628683646067,282628683646650,282628683647275,282628683766129,282628699091804,282628683638733,16666666,16600000,282628682491804,-1,282628687170920,282628687218602,282628687484775,282628691160373,282628691873003,15104,146147,282628691873003,282628691349514,282628709621144,282628691160373,
0,92033991,282628715852688,282628715852688,0,282628716516519,282628716518150,282628716520399,282628716702144,282628732452688,282628716508577,16666666,16600000,282628715852688,-1,282628720210164,282628720248341,282628720478514,282628725627144,282628726311050,17005,165209,282628726311050,282628725836987,282628742956779,282628725627144,
0,92033999,282628749187808,282628749187808,0,282628749751717,282628749752195,282628749752742,282628749853888,282628765787808,282628749747326,16666666,16600000,282628749187808,-1,282628752759618,282628752802326,282628753037378,282628757447742,282628758191596,20885,172890,282628758191596,282628757673419,282628776302429,282628757447742,
0,92034007,282628782523443,282628782523443,0,282628783821753,282628783823289,282628783825502,282628783936258,282628799123443,282628783812325,16666666,16600000,282628782523443,-1,282628787007394,282628788224721,282628788559669,282628793719148,282628794676144,22422,480276,282628794676144,282628794335320,282628809622846,282628793719148,
0,92034015,282628815869093,282628815869093,0,282628816291153,282628816291882,282628816292273,282628816379174,282628832469093,282628816288158,16666666,16600000,282628815869093,-1,282628819098002,282628819164252,282628819414330,282628823081153,282628824132663,16286,204297,282628824132663,282628823347273,282628842979018,282628823081153,
0,92034024,282628849189510,282628849189510,0,282628849690918,282628849691673,282628849692220,282628849782298,282628865789510,282628849687793,16666666,16600000,282628849189510,-1,282628852634903,282628852952158,282628853209147,282628857365502,282628858018809,15052,383151,282628858018809,282628857822247,282628876338131,282628857365502,
0,92034032,282628882545682,282628882545682,0,282628882986022,282628882986699,282628882987377,282628883065606,282628899145682,282628882983054,16666666,16600000,282628882545682,-1,282628885964589,282628885997845,282628886163575,282628889391179,282628890102064,9870,142734,282628890102064,282628889578470,282628909686751,282628889391179,
0,92034041,282628915904795,282628915904795,0,282628916477714,282628916479605,282628916481854,282628916644980,282628932504795,282628916469641,16666666,16600000,282628915904795,-1,282628921600448,282628921620552,282628921765006,282628924817636,282628925465162,9271,234402,282628925465162,282628925118808,282628943021464,282628924817636,
0,92034049,282628949253415,282628949253415,0,282628949702401,282628949703469,282628949704094,282628949780370,282628965853415,282628949699146,16666666,16600000,282628949253415,-1,282628952277011,282628952324771,282628952548963,282628955878131,282628956633443,10625,170494,282628956633443,282628956098599,282628976387948,282628955878131,
0,92034058,282628982588128,282628982588128,0,282628983063209,282628983063860,282628983064459,282628983120708,282628999188128,282628983060604,16666666,16600000,282628982588128,-1,282628985528781,282628985577375,282628985778338,282628988913052,282628989619683,9167,132604,282628989619683,282628989087817,282629009763755,282628988913052,
0,92034067,282629015954612,282629015954612,0,282629016504249,282629016505291,282629016505932,282629016589771,282629032554612,282629016500186,16666666,16600000,282629015954612,-1,282629018972634,282629019002713,282629019147088,282629022367375,282629023099432,8020,123786,282629023099432,282629022537338,282629043118442,282629022367375,
0,92034076,282629049330419,282629049330419,0,282629050189760,282629050191541,282629050194614,282629050459994,282629065930419,282629050179041,16666666,16600000,282629049330419,-1,282629054362155,282629054418572,282629054870785,282629059188927,282629059893859,23021,189687,282629059893859,282629059443363,282629076446436,282629059188927,
0,92034084,282629082685106,282629082685106,0,282629083497087,282629083499691,282629083502477,282629083742140,282629099285106,282629083487009,16666666,16600000,282629082685106,-1,282629088365004,282629088453988,282629088697790,282629092435306,282629093204509,11901,186433,282629093204509,282629092680759,282629109792555,282629092435306,
0,92034092,282629116013100,282629116013100,0,282629116575941,282629116577337,282629116578832,282629116764352,282629132613100,282629116570342,16666666,16600000,282629116013100,-1,282629120327737,282629120358102,282629120582207,282629124290499,282629125041332,11354,184635,282629125041332,282629124529300,282629143166930,282629124290499,
0,92034100,282629149359219,282629149359219,0,282629150151670,282629150153831,282629150157217,282629150407347,282629165959219,282629150143545,16666666,16600000,282629149359219,-1,282629153945237,282629153985055,282629154220748,282629158211461,282629158974169,12042,250105,282629158974169,282629158565550,282629176512294,282629158211461,
0,92034108,282629199400260,282629199400260,0,282629199963258,282629199966399,282629199967623,282629200157684,282629216000260,282629199956357,16666666,16600000,282629199400260,-1,282629204210158,282629204300341,282629204577476,282629208274482,282629209007346,13567,198682,282629209007346,282629208535393,282629226502320,282629208274482,
0,92034116,282629216066926,282629216066926,0,282629216544185,282629216545575,282629216546347,282629216707476,282629232666926,282629216538543,16666666,16600000,282629216066926,-1,282629220663570,282629220737554,282629221021434,282629223440236,282629224179012,12630,313412,282629224179012,282629223825930,282629243159533,282629223440236,
0,92034125,282629266068984,282629266068984,0,282629267316772,282629267318673,282629267319715,282629267483282,282629282668984,282629267309601,16666666,16600000,282629266068984,-1,282629270959715,282629271024246,282629271293985,282629276667153,282629277485574,13776,284228,282629277485574,282629277028491,282629293239584,282629276667153,
0,92034133,282629299392863,282629299392863,0,282629299985470,282629299986564,282629299987345,282629300117918,282629315992863,282629299980600,16666666,16600000,282629299392863,-1,282629303070757,282629303177423,282629303442553,282629305862241,282629306619011,16458,187864,282629306619011,282629306114115,282629326538048,282629305862241,
0,92034142,282629332806248,282629332806248,0,282629333598949,282629333601225,282629333601928,282629333802344,282629349406248,282629333589714,16666666,16600000,282629332806248,-1,282629338006641,282629338089808,282629338566527,282629342598751,282629343799688,28828,536563,282629343799688,282629343307605,282629359882813,282629342598751,
0,92034150,282629366104712,282629366104712,0,282629366546927,282629366547813,282629366548516,282629366647734,282629382704712,282629366542865,16666666,16600000,282629366104712,-1,282629370075911,282629370125001,282629370362630,282629372696302,282629373448776,13776,178073,282629373448776,282629372931120,282629393231666,282629372696302,
0,92034159,282629399449477,282629399449477,0,282629399892214,282629399893323,282629399894401,282629400039521,282629416049477,282629399887630,16666666,16600000,282629399449477,-1,282629403942265,282629404063724,282629404435443,282629408313542,282629409031432,12760,190911,282629409031432,282629408565651,282629426582578,282629408313542,
0,92034167,282629432798330,282629432798330,0,282629433497187,282629433498984,282629433501041,282629433660624,282629449398330,282629433490364,16666666,16600000,282629432798330,-1,282629436812551,282629436870416,282629437153957,282629441510207,282629442207072,14870,308828,282629442207072,282629441891354,282629459935859,282629441510207,
0,92034175,282629466149242,282629466149242,0,282629467513921,282629467515103,282629467516196,282629467671327,282629482749242,282629467507498,16666666,16600000,282629466149242,-1,282629471209911,282629471249920,282629471566457,282629475592317,282629476309764,19349,137942,282629476309764,282629475770389,282629493296899,282629475592317,
0,92034183,282629499502523,282629499502523,0,282629500034113,282629500035155,282629500036197,282629500157004,282629516102523,282629499999660,16666666,16600000,282629499502523,-1,282629503409650,282629503706666,282629503993176,282629507511889,282629508272082,51302,177631,282629508272082,282629507757368,282629526625545,282629507511889,
0,92034191,282629532863563,282629532863563,0,282629533639920,282629533641430,282629533642618,282629533815404,282629549463563,282629533632931,16666666,16600000,282629532863563,-1,282629537283436,282629537323540,282629537539008,282629541336170,282629542145467,9922,167161,282629542145467,282629541554034,282629559999113,282629541336170,
0,92034199,282629566192209,282629566192209,0,282629567438383,282629567440144,282629567443044,282629567698071,282629582792209,282629567428122,16666666,16600000,282629566192209,-1,282629571441195,282629571484321,282629571765649,282629576875492,282629577563461,15938,190078,282629577563461,282629577115909,282629593332966,282629576875492,
0,92034207,282629599565777,282629599565777,0,282629600129867,282629600130388,282629600131351,282629600255466,282629616165777,282629600125310,16666666,16600000,282629599565777,-1,282629603810326,282629603854164,282629604141481,282629608815455,282629609425882,15885,181121,282629609425882,282629609060101,282629626679762,282629608815455,
0,92034215,282629632899630,282629632899630,0,282629634051482,282629634052055,282629634053200,282629634171377,282629649499630,282629634046498,16666666,16600000,282629632899630,-1,282629637508044,282629637551976,282629637784413,282629642180153,282629642844544,15407,172709,282629642844544,282629642406637,282629660030830,282629642180153,
0,92034223,282629666246426,282629666246426,0,282629667627236,282629667628252,282629667628721,282629667769554,282629682846426,282629667620596,16666666,16600000,282629666246426,-1,282629671150804,282629671282356,282629671616445,282629676474293,282629677365143,16120,343057,282629677365143,282629676918304,282629693373892,282629676474293,
0,92034231,282629699597494,282629699597494,0,282629700150777,282629700152199,282629700153433,282629700283251,282629716197494,282629700145595,16666666,16600000,282629699597494,-1,282629703896627,282629703937694,282629704193381,282629708880985,282629709651038,16302,186172,282629709651038,282629709112939,282629726746089,282629708880985,
0,92034239,282629732940556,282629732940556,0,282629733521480,282629733522652,282629733524136,282629733630543,282629749540556,282629733517314,16666666,16600000,282629732940556,-1,282629737080672,282629737152990,282629737403694,282629742336245,282629743062234,11588,155834,282629743062234,282629742539996,282629760082417,282629742336245,
0,92034247,282629766312753,282629766312753,0,282629767665829,282629767666532,282629767667183,282629767802105,282629782912753,282629767659475,16666666,16600000,282629766312753,-1,282629771308510,282629771380698,282629771687313,282629776217729,282629777237442,12412,305458,282629777237442,282629776617286,282629793431349,282629776217729,
0,92034255,282629799649081,282629799649081,0,282629800323432,282629800325307,282629800326401,282629800445828,282629816249081,282629800318406,16666666,16600000,282629799649081,-1,282629803934516,282629804043041,282629804358588,282629808788848,282629809708510,15599,226095,282629809708510,282629809066948,282629826783588,282629808788848,
0,92034263,282629832998013,282629832998013,0,282629834243224,282629834244369,282629834244968,282629834365671,282629849598013,282629834238276,16666666,16600000,282629832998013,-1,282629837930452,282629837985385,282629838222390,282629841875307,282629842636557,7786,177708,282629842636557,282629842170489,282629860115853,282629841875307,
0,92034271,282629866350252,282629866350252,0,282629867506947,282629867507780,282629867508379,282629867617597,282629882950252,282629867502311,16666666,16600000,282629866350252,-1,282629871062692,282629871137676,282629871461816,282629876155879,282629876904681,13604,240521,282629876904681,282629876462676,282629893459942,282629876155879,
0,92034279,282629899682517,282629899682517,0,282629900254655,282629900256650,282629900257223,282629900373613,282629916282517,282629900249446,16666666,16600000,282629899682517,-1,282629903811895,282629903865410,282629904143483,282629908723795,282629909518899,11578,213438,282629909518899,282629909059369,282629926805514,282629908723795,
0,92034287,282629933026606,282629933026606,0,282629934053586,282629934054540,282629934055253,282629934170019,282629949626606,282629934048534,16666666,16600000,282629933026606,-1,282629937988327,282629938050738,282629938387050,282629942692779,282629943455670,12552,171145,282629943455670,282629942915904,282629960140488,282629942692779,
0,92034295,282629966372178,282629966372178,0,282629967560096,282629967560815,282629967561476,282629967663118,282629982972178,282629967556034,16666666,16600000,282629966372178,-1,282629971389471,282629971455815,282629971811972,282629975592805,282629976299367,10573,136650,282629976299367,282629975777414,282629993494602,282629975592805,
0,92034303,282629999707152,282629999707152,0,282630000532976,282630000533846,282630000534575,282630000636727,282630016307152,282630000528653,16666666,16600000,282629999707152,-1,282630004202127,282630004267101,282630004583117,282630009020409,282630009666415,11745,221729,282630009666415,282630009293612,282630026857023,282630009020409,
0,92034311,282630033061266,282630033061266,0,282630034149549,282630034150513,282630034151112,282630034275997,282630049661266,282630034144341,16666666,16600000,282630033061266,-1,282630038267414,282630038326658,282630038610460,282630042782622,282630043490486,12083,154062,282630043490486,282630042983377,282630060200304,282630042782622,
0,92034319,282630066423687,282630066423687,0,282630067637543,282630067638506,282630067639105,282630067753742,282630083023687,282630067633246,16666666,16600000,282630066423687,-1,282630071359027,282630071427881,282630071767023,282630075881215,282630076586397,10365,187657,282630076586397,282630076113794,282630093530893,282630075881215,
0,92034327,282630099766968,282630099766968,0,282630100426032,282630100426553,282630100427152,282630100532663,282630116366968,282630100422048,16666666,16600000,282630099766968,-1,282630103923366,282630103993184,282630104320449,282630107804705,282630108576944,12396,193541,282630108576944,282630108048636,282630126880199,282630107804705,
0,92034335,282630133097557,282630133097557,0,282630133811657,282630133812689,282630133813324,282630133924990,282630149697557,282630133807272,16666666,16600000,282630133097557,-1,282630137348766,282630137378767,282630137548428,282630141221813,282630142004965,10053,201562,282630142004965,282630141480902,282630160225928,282630141221813,
0,92034343,282630166446863,282630166446863,0,282630167633756,282630167634338,282630167634937,282630167732595,282630183046863,282630167629781,16666666,16600000,282630166446863,-1,282630171271516,282630171344954,282630171671813,282630176221735,282630177005016,11390,205062,282630177005016,282630176478505,282630193565823,282630176221735,
0,92034351,282630199792592,282630199792592,0,282630200395510,282630200396213,282630200397073,282630200478817,282630216392592,282630200392047,16666666,16600000,282630199792592,-1,282630203776109,282630203812984,282630204075146,282630207884990,282630208791552,12916,214400,282630208791552,282630208162099,282630226885536,282630207884990,
0,92034359,282630233132487,282630233132487,0,282630233570745,282630233571526,282630233572281,282630233664911,282630249732487,282630233566213,16666666,16600000,282630233132487,-1,282630236939338,282630236968869,282630237204484,282630241952073,282630242704546,14818,159818,282630242704546,282630242166760,282630260263296,282630241952073,
0,92034367,282630266452200,282630266452200,0,282630266816525,282630266817426,282630266818166,282630266912697,282630283052200,282630266811447,16666666,16600000,282630266452200,-1,282630270357411,282630270392854,282630270647436,282630274681941,282630275353243,14219,223230,282630275353243,282630274976187,282630293570067,282630274681941,
0,92034375,282630299829960,282630299829960,0,282630300274051,282630300274832,282630300275587,282630300340431,282630316429960,282630300270848,16666666,16600000,282630299829960,-1,282630303523634,282630303556394,282630303956421,282630307106369,282630307846629,10834,162901,282630307846629,282630307321160,282630326951706,282630307106369,
0,92034384,282630333136731,282630333136731,0,282630333970769,282630333971654,282630333972357,282630334056680,282630349736731,282630333967149,16666666,16600000,282630333136731,-1,282630337655092,282630337701082,282630337905248,282630342044415,282630342761576,11979,142666,282630342761576,282630342241394,282630360303972,282630342044415,
0,92034407,282630366537304,282630366537304,0,282630367006732,282630367007591,282630367008320,282630367084259,282630383137304,282630367003581,16666666,16600000,282630366537304,-1,282630370377358,282630370408607,282630370586289,282630374509545,282630375220638,12734,181104,282630375220638,282630374751966,282630393631097,282630374509545,
0,92034415,282630399821027,282630399821027,0,282630400364726,282630400365404,282630400366159,282630400435247,282630416421027,282630400353685,16666666,16600000,282630399821027,-1,282630403706914,282630403757643,282630403935274,282630408201757,282630408743893,10510,359844,282630408743893,282630408625924,282630426979700,282630408201757,
0,92034423,282630433197761,282630433197761,0,282630433826836,282630433827434,282630433828138,282630433891627,282630449797761,282630433824039,16666666,16600000,282630433197761,-1,282630437183320,282630437216210,282630437387121,282630442874101,282630443686695,11510,634714,282630443638892,282630443686695,282630460345168,282630442874101,
0,92034431,282630466546364,282630466546364,0,282630467453397,282630467454543,282630467455481,282630467601158,282630483146364,282630467448596,16666666,16600000,282630466546364,-1,282630471370559,282630471472277,282630471751288,282630475967147,282630476675272,17682,242866,282630476675272,282630476294882,282630493670299,282630475967147,
0,92034439,282630499911832,282630499911832,0,282630500708137,282630500709231,282630500710116,282630500840038,282630516511832,282630500701731,16666666,16600000,282630499911832,-1,282630504840871,282630504910845,282630505227278,282630510451470,282630511528986,18864,312656,282630511528986,282630510872042,282630527036756,282630510451470,
0,92034447,282630533236963,282630533236963,0,282630533866329,282630533867980,282630533870194,282630534086391,282630549836963,282630533857381,16666666,16600000,282630533236963,-1,282630539530272,282630539646001,282630540162658,282630544508881,282630545185558,24349,228817,282630545185558,282630544800923,282630560346485,282630544508881,
0,92034455,282630566603420,282630566603420,0,282630567135767,282630567136990,282630567137892,282630567239230,282630583203420,282630567130272,16666666,16600000,282630566603420,-1,282630570825479,282630571208100,282630571460792,282630575795662,282630576512979,17656,349584,282630576512979,282630576237693,282630593711860,282630575795662,
0,92034463,282630599913149,282630599913149,0,282630600481104,282630600482041,282630600483109,282630600587979,282630616513149,282630600476495,16666666,16600000,282630599913149,-1,282630604302380,282630604335922,282630604563370,282630608384166,282630609122381,10390,227333,282630609122381,282630608674880,282630627060531,282630608384166,
0,92034471,282630633278524,282630633278524,0,282630633739750,282630633740661,282630633741443,282630633830635,282630649878524,282630633735896,16666666,16600000,282630633278524,-1,282630637266911,282630637313213,282630637548292,282630642352458,282630642931572,13948,473021,282630642905348,282630642931572,282630660424749,282630642352458,
0,92034479,282630666627195,282630666627195,0,282630667905911,282630667907562,282630667908750,282630668134202,282630683227195,282630667899593,16666666,16600000,282630666627195,-1,282630672133046,282630672212301,282630672551937,282630676636415,282630677390191,22838,216850,282630677390191,282630676911312,282630693784306,282630676636415,
0,92034487,282630699991413,282630699991413,0,282630700979150,282630700980634,282630700982483,282630701138941,282630716591413,282630700970921,16666666,16600000,282630699991413,-1,282630705374332,282630705682092,282630705930843,282630710249826,282630710946076,13854,274245,282630710946076,282630710610338,282630727103212,282630710249826,
0,92034495,282630733350970,282630733350970,0,282630733890608,282630733892353,282630733894358,282630734046509,282630749950970,282630733882691,16666666,16600000,282630733350970,-1,282630738543785,282630738625139,282630738891519,282630743106899,282630743870164,18036,248438,282630743870164,282630743431744,282630760412196,282630743106899,
0,92034503,282630766669876,282630766669876,0,282630767138175,282630767139461,282630767140310,282630767226884,282630783269876,282630767134227,16666666,16600000,282630766669876,-1,282630770860477,282630770911570,282630771171363,282630775359461,282630776160008,14869,320807,282630776160008,282630775771467,282630793784357,282630775359461,
0,92034511,282630783336542,282630783336542,0,282630783749565,282630783750909,282630783751388,282630783834253,282630799936542,282630783746180,16666666,16600000,282630783336542,-1,282630787095372,282630787395060,282630787612951,282630789967352,282630790670659,10860,177917,282630790670659,282630790196258,282630810439644,282630789967352,
0,92034520,282630799978860,282630799978860,0,282630800404018,282630800404685,282630800405320,282630800467315,282630816578860,282630800401180,16666666,16600000,282630799978860,-1,282630803440269,282630803478862,282630803649383,282630806068055,282630806748758,8776,295989,282630806748758,282630806449174,282630827107237,282630806068055,
0,92034529,282630850006308,282630850006308,0,282630850890710,282630850894043,282630850896075,282630851110971,282630866606308,282630850878408,16666666,16600000,282630850006308,-1,282630855823357,282630855961638,282630856407924,282630860817429,282630861537794,24079,249479,282630861537794,282630861147038,282630877146960,282630860817429,
0,92034537,282630883340567,282630883340567,0,282630883784147,282630883785033,282630883785710,282630883889147,282630899940567,282630883780814,16666666,16600000,282630883340567,-1,282630887826622,282630887867768,282630888086804,282630890511127,282630891239460,10720,201172,282630891239460,282630890766621,282630910486804,282630890511127,
0,92034546,282630916713624,282630916713624,0,282630917886985,282630917888314,282630917889043,282630918041647,282630933313624,282630917882142,16666666,16600000,282630916713624,-1,282630922343860,282630922375944,282630922542376,282630925070683,282630925838313,11797,215392,282630925838313,282630925343626,282630943858261,282630925070683,
0,92034554,282630950053468,282630950053468,0,282630950669954,282630950670553,282630950671282,282630950801855,282630966653468,282630950665110,16666666,16600000,282630950053468,-1,282630954935111,282630954991142,282630955286673,282630957969511,282630958756167,15781,181381,282630958756167,282630958204085,282630977201871,282630957969511,
0,92034563,282630983424925,282630983424925,0,282630984047558,282630984048782,282630984049459,282630984172444,282631000024925,282630984042574,16666666,16600000,282630983424925,-1,282630988414719,282630988486256,282630988674823,282630992720136,282630993379693,9036,252577,282630993379693,282630993031542,282631010539407,282630992720136,
0,92034571,282631016768535,282631016768535,0,282631017456177,282631017457140,282631017457843,282631017593850,282631033368535,282631017451880,16666666,16600000,282631016768535,-1,282631021394745,282631021435735,282631021705344,282631026513885,282631027310526,12396,205469,282631027310526,282631026769667,282631043875046,282631026513885,
0,92034579,282631050106071,282631050106071,0,282631050707114,282631050707895,282631050708546,282631050821166,282631066706071,282631050702895,16666666,16600000,282631050106071,-1,282631054372531,282631054407661,282631054596776,282631058381359,282631059129848,7985,188594,282631059129848,282631058624353,282631077250108,282631058381359,
0,92034587,282631083441710,282631083441710,0,282631084139041,282631084141020,282631084141697,282631084255343,282631100041710,282631084134536,16666666,16600000,282631083441710,-1,282631089961593,282631090051489,282631090269535,282631093863510,282631094644457,7995,189990,282631094644457,282631094130967,282631110575447,282631093863510,
0,92034595,282631116816772,282631116816772,0,282631117567504,282631117569213,282631117570317,282631117754760,282631133416772,282631117559874,16666666,16600000,282631116816772,-1,282631121243727,282631121282191,282631121493337,282631125821566,282631127112477,12656,200756,282631127112477,282631126088103,282631143934170,282631125821566,
0,92034617,282631150142111,282631150142111,0,282631150860654,282631150862894,282631150864040,282631151112806,282631166742111,282631150850879,16666666,16600000,282631150142111,-1,282631154862920,282631154955748,282631155389889,282631159666722,282631160376957,31120,179088,282631160376957,282631159900264,282631177245836,282631159666722,
0,92034625,282631183500834,282631183500834,0,282631184135680,282631184136540,282631184137269,282631184244118,282631200100834,282631184130186,16666666,16600000,282631183500834,-1,282631187347295,282631187386279,282631187627867,282631192025211,282631192598779,15547,306000,282631192598779,282631192459316,282631210613180,282631192025211,
0,92034640,282631216812500,282631216812500,0,282631217574290,282631217576331,282631217577269,282631217744326,282631233412500,282631217566461,16666666,16600000,282631216812500,-1,282631221547399,282631221621070,282631222227493,282631226857450,282631227573544,29739,200443,282631227573544,282631227130783,282631243930627,282631226857450,
0,92034648,282631250179844,282631250179844,0,282631250683257,282631250684612,282631250685497,282631250806721,282631266779844,282631250677528,16666666,16600000,282631250179844,-1,282631254021122,282631254056643,282631254320835,282631258403951,282631259112710,17839,285869,282631259112710,282631258770601,282631277309663,282631258403951,
0,92034656,282631283497291,282631283497291,0,282631284239002,282631284239950,282631284241200,282631284399012,282631300097291,282631284232502,16666666,16600000,282631283497291,-1,282631288392189,282631288472345,282631288856434,282631294025522,282631294721824,17683,221172,282631294721824,282631294306381,282631310644783,282631294025522,
0,92034664,282631316876327,282631316876327,0,282631317636174,282631317639299,282631317641929,282631317858299,282631333476327,282631317627085,16666666,16600000,282631316876327,-1,282631322826658,282631323291355,282631323657449,282631328637580,282631329466069,19697,204062,282631329466069,282631328896147,282631343973402,282631328637580,
0,92034672,282631350211447,282631350211447,0,282631351092162,282631351094454,282631351096849,282631351313126,282631366811447,282631351084427,16666666,16600000,282631350211447,-1,282631355395938,282631355462917,282631355809835,282631359562866,282631360276121,20079,173438,282631360276121,282631359782292,282631377341302,282631359562866,
0,92034680,282631383540066,282631383540066,0,282631384428047,282631384429636,282631384430235,282631384559037,282631400140066,282631384423151,16666666,16600000,282631383540066,-1,282631388105756,282631388216459,282631388634949,282631393633021,282631394383647,16911,186250,282631394383647,282631393890678,282631410686276,282631393633021,
0,92034688,282631416907966,282631416907966,0,282631417515651,282631417516875,282631417517448,282631417634782,282631433507966,282631417511276,16666666,16600000,282631416907966,-1,282631420972709,282631421045407,282631421364661,282631425926015,282631426690677,14271,164219,282631426690677,282631426143792,282631444017734,282631425926015,
0,92034696,282631450252940,282631450252940,0,282631450871979,282631450872958,282631450874296,282631450992786,282631466852940,282631450867005,16666666,16600000,282631450252940,-1,282631454118791,282631454160234,282631454436745,282631458849244,282631459540433,14687,165964,282631459540433,282631459063880,282631477390728,282631458849244,
0,92034704,282631483584398,282631483584398,0,282631484181344,282631484181900,282631484182864,282631484290156,282631500184398,282631484176900,16666666,16600000,282631483584398,-1,282631487559182,282631487667681,282631487971614,282631491306718,282631492072447,16667,159791,282631492072447,282631491512785,282631510731405,282631491306718,
0,92034713,282631516957392,282631516957392,0,282631517510493,282631517510884,282631517511421,282631517612577,282631533557392,282631517504347,16666666,16600000,282631516957392,-1,282631520749399,282631520802863,282631521004140,282631524392499,282631525266717,8047,225781,282631525266717,282631524670779,282631544053357,282631524392499,
0,92034722,282631550298069,282631550298069,0,282631550919165,282631550919738,282631550920285,282631551023488,282631566898069,282631550914519,16666666,16600000,282631550298069,-1,282631553856952,282631553908410,282631554159321,282631557699946,282631558436144,7631,177125,282631558436144,282631557928426,282631577393461,282631557699946,
0,92034731,282631583620021,282631583620021,0,282631584180467,282631584181326,282631584181899,282631584313930,282631600220021,282631584175441,16666666,16600000,282631583620021,-1,282631587484868,282631587540050,282631587878904,282631591508930,282631592286586,15536,142318,282631592286586,282631591695570,282631610753826,282631591508930,
0,92034740,282631616960125,282631616960125,0,282631617475075,282631617476247,282631617478174,282631617634139,282631633560125,282631617468174,16666666,16600000,282631616960125,-1,282631620643044,282631620716091,282631620939711,282631624963904,282631625697888,14766,214922,282631625697888,282631625239528,282631644053695,282631624963904,
0,92034748,282631650320490,282631650320490,0,282631650802705,282631650803929,282631650804633,282631650886794,282631666920490,282631650799112,16666666,16600000,282631650320490,-1,282631653660700,282631653686455,282631653846117,282631657721273,282631658396403,10817,204375,282631658396403,282631657988242,282631677419710,282631657721273,
0,92034757,282631683620359,282631683620359,0,282631683994527,282631683995413,282631683996376,282631684111976,282631700220359,282631683989293,16666666,16600000,282631683620359,-1,282631687002158,282631687044918,282631687271366,282631690915022,282631691651272,13437,183307,282631691651272,282631691154892,282631710743121,282631690915022,
0,92034766,282631716986374,282631716986374,0,282631717611740,282631717613824,282631717615569,282631717793121,282631733586374,282631717604423,16666666,16600000,282631716986374,-1,282631720652183,282631720678798,282631720845126,282631724269866,282631725017522,9557,164062,282631725017522,282631724487616,282631744106038,282631724269866,
0,92034775,282631750309785,282631750309785,0,282631750745595,282631750746168,282631750746584,282631750793433,282631766909785,282631750742782,16666666,16600000,282631750309785,-1,282631752493824,282631752544085,282631752916220,282631756190334,282631756912443,7526,141771,282631756912443,282631756376116,282631777454657,282631756190334,
0,92034784,282631783672702,282631783672702,0,282631784126220,282631784126923,282631784127626,282631784195230,282631800272702,282631784123475,16666666,16600000,282631783672702,-1,282631786984777,282631787025047,282631787177651,282631790669345,282631791391298,9401,148333,282631791391298,282631790864995,282631810806375,282631790669345,
0,92034793,282631800339368,282631800339368,0,282631801059813,282631801061532,282631801062495,282631801251261,282631816939368,282631801050777,16666666,16600000,282631800339368,-1,282631805019969,282631805151922,282631805621209,282631809161703,282631809851323,21198,118673,282631809851323,282631809317600,282631827493943,282631809161703,
0,92034801,282631817021321,282631817021321,0,282631817597312,282631817598119,282631817598484,282631817661011,282631833621321,282631817595203,16666666,16600000,282631817021321,-1,282631818947364,282631819000646,282631819181079,282631820956922,282631821665203,7500,120885,282631821665203,282631821120516,282631844166610,282631820956922,
0,92034810,282631833706373,282631833706373,0,282631834524709,282631834526740,282631834529136,282631834770463,282631850306373,282631834515646,16666666,16600000,282631833706373,-1,282631838462729,282631838520151,282631838768692,282631841593016,282631842455984,14557,244922,282631842455984,282631841923250,282631860812650,282631841593016,
0,92034818,282631850393941,282631850393941,0,282631850740516,282631850741114,282631850741687,282631850802234,282631866993941,282631850737599,16666666,16600000,282631850393941,-1,282631853596218,282631853650359,282631853814500,282631855625150,282631856350645,5963,204167,282631856350645,282631855878484,282631877495671,282631855625150,
0,92034827,282631883712648,282631883712648,0,282631884469109,282631884471088,282631884473379,282631884667103,282631900312648,282631884460046,16666666,16600000,282631883712648,-1,282631888209343,282631888287676,282631888535020,282631892332546,282631893061374,10885,187839,282631893061374,282631892585411,282631910855202,282631892332546,
0,92034835,282631917062335,282631917062335,0,282631917819489,282631917820817,282631917821895,282631917989733,282631933662335,282631917811322,16666666,16600000,282631917062335,-1,282631921522197,282631921727233,282631921994394,282631926166781,282631926927884,14479,244609,282631926927884,282631926490166,282631944201869,282631926166781,
0,92034843,282631950421866,282631950421866,0,282631951045175,282631951046608,282631951047649,282631951216425,282631967021866,282631951036946,16666666,16600000,282631950421866,-1,282631954405618,282631954448170,282631954692493,282631958657753,282631959385253,12307,292855,282631959385253,282631959043926,282631977547883,282631958657753,
0,92034851,282631983768533,282631983768533,0,282631985059654,282631985060852,282631985061686,282631985196972,282632000368533,282631985054332,16666666,16600000,282631983768533,-1,282631988475097,282631988572769,282631989046633,282631993496633,282631994212024,14792,249635,282631994212024,282631993808508,282632010878899,282631993496633,
0,92034859,282632017114547,282632017114547,0,282632017477378,282632017478430,282632017479237,282632017582206,282632033714547,282632017472977,16666666,16600000,282632017114547,-1,282632020520044,282632020606867,282632020866424,282632024475565,282632025270096,15303,230364,282632025270096,282632024773924,282632044236138,282632024475565,
0,92034868,282632067112229,282632067112229,0,282632067957804,282632067959757,282632067960877,282632068165815,282632083712229,282632067948637,16666666,16600000,282632067112229,-1,282632072287387,282632072336450,282632072642847,282632076200590,282632076918611,30870,188646,282632076918611,282632076451789,282632094246684,282632076200590,
0,92034876,282632100469468,282632100469468,0,282632101069341,282632101070356,282632101071163,282632101190877,282632117069468,282632101064184,16666666,16600000,282632100469468,-1,282632103900304,282632103940642,282632104187882,282632106431736,282632107236840,13985,205390,282632107236840,282632106702126,282632127580382,282632106431736,
0,92034885,282632133813348,282632133813348,0,282632134285928,282632134287022,282632134287751,282632134389756,282632150413348,282632134281840,16666666,16600000,282632133813348,-1,282632137354262,282632137385720,282632137612402,282632140059652,282632140708168,14948,249089,282632140708168,282632140372517,282632160919651,282632140059652,
0,92034894,282632167147046,282632167147046,0,282632167605225,282632167605954,282632167606579,282632167677923,282632183747046,282632167602282,16666666,16600000,282632167147046,-1,282632170603792,282632170696736,282632170949808,282632173243689,282632174037741,14505,219661,282632174037741,282632173524391,282632194267542,282632173243689,
0,92034903,282632200486315,282632200486315,0,282632200934365,282632200934937,282632200935588,282632201007699,282632217086315,282632200931292,16666666,16600000,282632200486315,-1,282632203651074,282632203958401,282632204154573,282632207533766,282632208252360,11459,183516,282632208252360,282632207772672,282632227626162,282632207533766,
0,92034912,282632233834206,282632233834206,0,282632234281734,282632234282776,282632234283557,282632234372776,282632250434206,282632234277203,16666666,16600000,282632233834206,-1,282632237329260,282632237356474,282632237578791,282632241284260,282632241996360,11458,181927,282632241996360,282632241524468,282632260981917,282632241284260,
0,92034921,282632267192826,282632267192826,0,282632267744416,282632267744885,282632267745396,282632267813635,282632283792826,282632267741708,16666666,16600000,282632267192826,-1,282632269779015,282632269806656,282632270016526,282632273368870,282632274305093,11146,212490,282632274305093,282632273643739,282632294310249,282632273368870,
0,92034930,282632300548581,282632300548581,0,282632300894962,282632300896238,282632300896967,282632300998661,282632317148581,282632300890525,16666666,16600000,282632300548581,-1,282632304580145,282632304610119,282632304837592,282632308369806,282632309109910,14897,192734,282632309109910,282632308614832,282632327691056,282632308369806,
0,92034938,282632333876913,282632333876913,0,282632334464753,282632334466733,282632334469233,282632334650770,282632350476913,282632334457905,16666666,16600000,282632333876913,-1,282632337139051,282632337164338,282632337321317,282632340719822,282632341451707,9531,173411,282632341451707,282632340948399,282628409483424,282632340719822,
0,92034947,282632367257720,282632367257720,0,282632367849311,282632367851316,282632367853529,282632368015977,282632383857720,282632367842253,16666666,16600000,282632367257720,-1,282632370386498,282632370422305,282632370575743,282632373898217,282632374550848,10469,228280,282632374550848,282632374180613,282628442835637,282632373898217,
0,92034956,282632400562720,282632400562720,0,282632400930378,282632400931029,282632400931680,282632401004050,282632417162720,282632400926836,16666666,16600000,282632400562720,-1,282632403459779,282632403485586,282632403646759,282632406973060,282632407710222,9583,148489,282632407710222,282632407164987,282628476175480,282632406973060,
0,92034965,282632433923136,282632433923136,0,282632434674388,282632434675091,282632434675664,282632434742617,282632450523136,282632434671940,16666666,16600000,282632433923136,-1,282632437439102,282632437773816,282632438061940,282632442751992,282632443433086,19636,380026,282632443433086,282632443231367,282628509536261,282632442751992,
0,92034973,282632467267797,282632467267797,0,282632467807539,282632467808789,282632467809596,282632467928137,282632483867797,282632467801809,16666666,16600000,282632467267797,-1,282632471129960,282632471173163,282632471450169,282632475449648,282632476180898,19844,245182,282632476180898,282632475765845,282628542888605,282632475449648,
0,92034981,282632500605297,282632500605297,0,282632501306382,282632501307486,282632501308372,282632501445116,282632517205297,282632501299283,16666666,16600000,282632500605297,-1,282632504552069,282632504618361,282632504925872,282632509912694,282632510608605,21708,229793,282632510608605,282632510207590,282628576230192,282632509912694,
---PROFILEDATA---


View hierarchy:

  com.termux/com.termux.app.TermuxActivity/android.view.ViewRootImpl@b46882c
  43 views, 156.91 kB of render nodes


Total ViewRootImpl   : 1
Total attached Views : 43
Total RenderNode     : 156.91 kB (used) / 335.49 kB (capacity)

