Applications Graphics Acceleration Info:
Uptime: 282878068 Realtime: 371452797

** Graphics info for pid 2233 [com.termux] (user 0) **

Stats since: 282866655430837ns
Total frames rendered: 566
Janky frames: 0 (0.00%)
Janky frames (legacy): 26 (4.59%)
50th percentile: 5ms
90th percentile: 7ms
95th percentile: 8ms
99th percentile: 10ms
Number Missed Vsync: 0
Number High input latency: 0
Number Slow UI thread: 0
Number Slow bitmap uploads: 0
Number Slow issue draw commands: 0
Number Frame deadline missed: 0
Number Frame deadline missed (legacy): 26
HISTOGRAM: 5ms=461 6ms=48 7ms=22 8ms=13 9ms=14 10ms=3 11ms=0 12ms=2 13ms=1 14ms=1 15ms=1 16ms=0 17ms=0 18ms=0 19ms=0 20ms=0 21ms=0 22ms=0 23ms=0 24ms=0 25ms=0 26ms=0 27ms=0 28ms=0 29ms=0 30ms=0 31ms=0 32ms=0 34ms=0 36ms=0 38ms=0 40ms=0 42ms=0 44ms=0 46ms=0 48ms=0 53ms=0 57ms=0 61ms=0 65ms=0 69ms=0 73ms=0 77ms=0 81ms=0 85ms=0 89ms=0 93ms=0 97ms=0 101ms=0 105ms=0 109ms=0 113ms=0 117ms=0 121ms=0 125ms=0 129ms=0 133ms=0 150ms=0 200ms=0 250ms=0 300ms=0 350ms=0 400ms=0 450ms=0 500ms=0 550ms=0 600ms=0 650ms=0 700ms=0 750ms=0 800ms=0 850ms=0 900ms=0 950ms=0 1000ms=0 1050ms=0 1100ms=0 1150ms=0 1200ms=0 1250ms=0 1300ms=0 1350ms=0 1400ms=0 1450ms=0 1500ms=0 1550ms=0 1600ms=0 1650ms=0 1700ms=0 1750ms=0 1800ms=0 1850ms=0 1900ms=0 1950ms=0 2000ms=0 2050ms=0 2100ms=0 2150ms=0 2200ms=0 2250ms=0 2300ms=0 2350ms=0 2400ms=0 2450ms=0 2500ms=0 2550ms=0 2600ms=0 2650ms=0 2700ms=0 2750ms=0 2800ms=0 2850ms=0 2900ms=0 2950ms=0 3000ms=0 3050ms=0 3100ms=0 3150ms=0 3200ms=0 3250ms=0 3300ms=0 3350ms=0 3400ms=0 3450ms=0 3500ms=0 3550ms=0 3600ms=0 3650ms=0 3700ms=0 3750ms=0 3800ms=0 3850ms=0 3900ms=0 3950ms=0 4000ms=0 4050ms=0 4100ms=0 4150ms=0 4200ms=0 4250ms=0 4300ms=0 4350ms=0 4400ms=0 4450ms=0 4500ms=0 4550ms=0 4600ms=0 4650ms=0 4700ms=0 4750ms=0 4800ms=0 4850ms=0 4900ms=0 4950ms=0
50th gpu percentile: 1ms
90th gpu percentile: 1ms
95th gpu percentile: 1ms
99th gpu percentile: 2ms
GPU HISTOGRAM: 1ms=559 2ms=7 3ms=0 4ms=0 5ms=0 6ms=0 7ms=0 8ms=0 9ms=0 10ms=0 11ms=0 12ms=0 13ms=0 14ms=0 15ms=0 16ms=0 17ms=0 18ms=0 19ms=0 20ms=0 21ms=0 22ms=0 23ms=0 24ms=0 25ms=0 4950ms=0

Pipeline=Skia (Vulkan)
Memory policy:
  Max surface area: 4021248
  Max resource usage: 193.02MB (x48)
  Background retention: 50% (altUiHidden = true)
  GPU Context timeout: 10
Contexts: 1 (stopped = 0)
CPU Caches:
  Glyph Cache: 1.17 MB (1 entry)
  Glyph Count: 201 
Total CPU memory usage:
  1227860 bytes, 1.17 MB (0.00 bytes is purgeable)
GPU Caches:
  Other:
    Other: 135.03 KB (1 entry)
  Image:
    Surface: 50.53 MB (23 entries)
  Scratch:
    Buffer Object: 6.14 MB (7 entries)
    Surface: 133.81 MB (85 entries)
Total GPU memory usage:
  199865920 bytes, 190.61 MB (111.40 MB is purgeable)
Pipeline Cache: inactive
GraphicBufferAllocator buffers:
            Handle |         Size |     W (Stride) x H | Layers |   Format |      Usage | Requestor
0xb400007c6687e860 | 15708.00 KiB | 1344 (1344) x 2992 |      1 |        1 | 0x     b00 | VRI[TermuxActivity]#229(BLAST Consumer)229
0xb400007c66895e10 | 15708.00 KiB | 1344 (1344) x 2992 |      1 |        1 | 0x     b00 | VRI[TermuxActivity]#229(BLAST Consumer)229
0xb400007c6689da60 | 15708.00 KiB | 1344 (1344) x 2992 |      1 |        1 | 0x     b00 | VRI[TermuxActivity]#229(BLAST Consumer)229
0xb400007c668b9810 | 15708.00 KiB | 1344 (1344) x 2992 |      1 |        1 | 0x     b00 | VRI[TermuxActivity]#229(BLAST Consumer)229
0xb400007c668ddde0 | 15708.00 KiB | 1344 (1344) x 2992 |      1 |        1 | 0x     b00 | VRI[TermuxActivity]#229(BLAST Consumer)229
Total allocated by GraphicBufferAllocator (estimate): 78540.00 KB
Imported gralloc buffers:
+ name:VRI[TermuxActivity]#229(BLAST Consumer)229, id:382929, size:15782.28KiB, w/h:1344x2992, usage: 0xb00, req fmt:1, fourcc/mod:875708993/10520408729537478695, dataspace: 0x8810000, compressed: true
+ name:VRI[TermuxActivity]#229(BLAST Consumer)229, id:382909, size:15782.28KiB, w/h:1344x2992, usage: 0xb00, req fmt:1, fourcc/mod:875708993/10520408729537478695, dataspace: 0x8810000, compressed: true
+ name:VRI[TermuxActivity]#229(BLAST Consumer)229, id:382913, size:15782.28KiB, w/h:1344x2992, usage: 0xb00, req fmt:1, fourcc/mod:875708993/10520408729537478695, dataspace: 0x8810000, compressed: true
+ name:VRI[TermuxActivity]#229(BLAST Consumer)229, id:382923, size:15782.28KiB, w/h:1344x2992, usage: 0xb00, req fmt:1, fourcc/mod:875708993/10520408729537478695, dataspace: 0x8810000, compressed: true
+ name:VRI[TermuxActivity]#229(BLAST Consumer)229, id:382919, size:15782.28KiB, w/h:1344x2992, usage: 0xb00, req fmt:1, fourcc/mod:875708993/10520408729537478695, dataspace: 0x8810000, compressed: true
Total imported by gralloc: 78911.41KiB

Profile data in ms:

	com.termux/com.termux.app.TermuxActivity/android.view.ViewRootImpl@b46882c (visibility=0)
Window: com.termux/com.termux.app.TermuxActivity
Stats since: 282866655425223ns
Total frames rendered: 566
Janky frames: 0 (0.00%)
Janky frames (legacy): 26 (4.59%)
50th percentile: 5ms
90th percentile: 7ms
95th percentile: 8ms
99th percentile: 10ms
Number Missed Vsync: 0
Number High input latency: 0
Number Slow UI thread: 0
Number Slow bitmap uploads: 0
Number Slow issue draw commands: 0
Number Frame deadline missed: 0
Number Frame deadline missed (legacy): 26
HISTOGRAM: 5ms=461 6ms=48 7ms=22 8ms=13 9ms=14 10ms=3 11ms=0 12ms=2 13ms=1 14ms=1 15ms=1 16ms=0 17ms=0 18ms=0 19ms=0 20ms=0 21ms=0 22ms=0 23ms=0 24ms=0 25ms=0 26ms=0 27ms=0 28ms=0 29ms=0 30ms=0 31ms=0 32ms=0 34ms=0 36ms=0 38ms=0 40ms=0 42ms=0 44ms=0 46ms=0 48ms=0 53ms=0 57ms=0 61ms=0 65ms=0 69ms=0 73ms=0 77ms=0 81ms=0 85ms=0 89ms=0 93ms=0 97ms=0 101ms=0 105ms=0 109ms=0 113ms=0 117ms=0 121ms=0 125ms=0 129ms=0 133ms=0 150ms=0 200ms=0 250ms=0 300ms=0 350ms=0 400ms=0 450ms=0 500ms=0 550ms=0 600ms=0 650ms=0 700ms=0 750ms=0 800ms=0 850ms=0 900ms=0 950ms=0 1000ms=0 1050ms=0 1100ms=0 1150ms=0 1200ms=0 1250ms=0 1300ms=0 1350ms=0 1400ms=0 1450ms=0 1500ms=0 1550ms=0 1600ms=0 1650ms=0 1700ms=0 1750ms=0 1800ms=0 1850ms=0 1900ms=0 1950ms=0 2000ms=0 2050ms=0 2100ms=0 2150ms=0 2200ms=0 2250ms=0 2300ms=0 2350ms=0 2400ms=0 2450ms=0 2500ms=0 2550ms=0 2600ms=0 2650ms=0 2700ms=0 2750ms=0 2800ms=0 2850ms=0 2900ms=0 2950ms=0 3000ms=0 3050ms=0 3100ms=0 3150ms=0 3200ms=0 3250ms=0 3300ms=0 3350ms=0 3400ms=0 3450ms=0 3500ms=0 3550ms=0 3600ms=0 3650ms=0 3700ms=0 3750ms=0 3800ms=0 3850ms=0 3900ms=0 3950ms=0 4000ms=0 4050ms=0 4100ms=0 4150ms=0 4200ms=0 4250ms=0 4300ms=0 4350ms=0 4400ms=0 4450ms=0 4500ms=0 4550ms=0 4600ms=0 4650ms=0 4700ms=0 4750ms=0 4800ms=0 4850ms=0 4900ms=0 4950ms=0
50th gpu percentile: 1ms
90th gpu percentile: 1ms
95th gpu percentile: 1ms
99th gpu percentile: 2ms
GPU HISTOGRAM: 1ms=559 2ms=7 3ms=0 4ms=0 5ms=0 6ms=0 7ms=0 8ms=0 9ms=0 10ms=0 11ms=0 12ms=0 13ms=0 14ms=0 15ms=0 16ms=0 17ms=0 18ms=0 19ms=0 20ms=0 21ms=0 22ms=0 23ms=0 24ms=0 25ms=0 4950ms=0



---PROFILEDATA---
Flags,FrameTimelineVsyncId,IntendedVsync,Vsync,InputEventId,HandleInputStart,AnimationStart,PerformTraversalsStart,DrawStart,FrameDeadline,FrameStartTime,FrameInterval,WorkloadTarget,AnimationTime,AnimationCounter,SyncQueued,SyncStart,IssueDrawCommandsStart,SwapBuffers,FrameCompleted,DequeueBufferDuration,QueueBufferDuration,GpuCompleted,SwapBuffersCompleted,DisplayPresentTime,CommandSubmissionCompleted,
0,92139640,282875207650085,282875207650085,0,282875208047118,282875208047952,282875208048655,282875208154280,282875224250085,282875208041587,16666666,16600000,282875207650085,-1,282875210037769,282875210116597,282875210725035,282875212148915,282875212714253,16485,259453,282875212714253,282875212691259,282875234743368,282875212148915,
0,92139649,282875224312351,282875224312351,0,282875229377915,282875229379019,282875229379566,282875229475868,282875240912351,282875229373863,16666666,16600000,282875224312351,-1,282875230948160,282875231035051,282875231563289,282875232959358,282875233580113,15313,262838,282875233580113,282875233327482,282875251422508,282875232959358,
0,92139657,282875257643366,282875257643366,0,282875260361024,282875260362925,282875260363420,282875260488367,282875274243366,282875260356519,16666666,16600000,282875257643366,-1,282875261403003,282875261473081,282875261939462,282875264795842,282875265345321,13437,231442,282875265345321,282875265115659,282875284771258,282875264795842,
0,92139666,282875274310032,282875274310032,0,282875276145946,282875276148472,282875276149618,282875276316467,282875290910032,282875276139696,16666666,16600000,282875274310032,-1,282875277633211,282875277705008,282875278296795,282875279812404,282875280371362,13723,304115,282875280371362,282875280208055,282875301454956,282875279812404,
0,92139675,282875290989172,282875290989172,0,282875291728368,282875291730190,282875291731753,282875291899461,282875307589172,282875291721024,16666666,16600000,282875290989172,-1,282875293216440,282875293250711,282875293853367,282875294787195,282875295496388,12578,222552,282875295496388,282875295055581,282875318116805,282875294787195,
0,92139684,282875307671256,282875307671256,0,282875307985138,282875307985945,282875307986622,282875308070320,282875324271256,282875307980805,16666666,16600000,282875307671256,-1,282875309353601,282875309402325,282875309933706,282875310840346,282875311500466,10261,200548,282875311500466,282875311089904,282875334795476,282875310840346,
0,92139693,282875324354954,282875324354954,0,282875324723523,282875324724226,282875324724956,282875324808731,282875340954954,282875324719877,16666666,16600000,282875324354954,-1,282875326136778,282875326171622,282875326868783,282875327798107,282875328488289,14869,219713,282875328488289,282875328064903,282875351473460,282875327798107,
0,92139702,282875341016803,282875341016803,0,282875341476414,282875341477794,282875341479242,282875341622559,282875357616803,282875341470076,16666666,16600000,282875341016803,-1,282875343026491,282875343059434,282875343595372,282875344589409,282875345269096,12865,207916,282875345269096,282875344863132,282875368135007,282875344589409,
0,92139711,282875357695474,282875357695474,0,282875358046492,282875358047638,282875358048341,282875358132455,282875374295474,282875358042612,16666666,16600000,282875357695474,-1,282875359530893,282875359570372,282875360167898,282875361152403,282875361853600,14844,197709,282875361853600,282875361398158,282875384811465,282875361152403,
0,92139720,282875374373458,282875374373458,0,282875374645423,282875374646429,282875374647116,282875374728564,282875390973458,282875374641152,16666666,16600000,282875374373458,-1,282875376219252,282875376264642,282875376938705,282875377898418,282875378596819,13620,193490,282875378596819,282875378137533,282875401523626,282875377898418,
0,92139729,282875391035005,282875391035005,0,282875391579095,282875391579616,282875391580110,282875391640554,282875407635005,282875391576022,16666666,16600000,282875391035005,-1,282875393104877,282875393144903,282875393739278,282875394759251,282875395502142,13375,273819,282875395502142,282875395092705,282875418148288,282875394759251,
0,92139738,282875407711463,282875407711463,0,282875408242115,282875408243912,282875408245543,282875408390241,282875424311463,282875408236204,16666666,16600000,282875407711463,-1,282875409990709,282875410032480,282875410636907,282875411599016,282875412300866,15068,193567,282875412300866,282875411843652,282875434826620,282875411599016,
0,92139747,282875424423624,282875424423624,0,282875425059745,282875425060553,282875425061126,282875425124397,282875441023624,282875425056516,16666666,16600000,282875424423624,-1,282875426750006,282875426788079,282875427336959,282875428381569,282875429096829,10765,236406,282875429096829,282875428683704,282875451495214,282875428381569,
0,92139756,282875441048286,282875441048286,0,282875441237141,282875441237818,282875441238313,282875441297809,282875457648286,282875441234276,16666666,16600000,282875441048286,-1,282875442424042,282875442645970,282875442956725,282875443796636,282875444514772,8073,210433,282875444514772,282875444053704,282875468165214,282875443796636,
0,92139772,282875457726618,282875457726618,0,282875457978182,282875457979016,282875457979563,282875458056229,282875474326618,282875457974198,16666666,16600000,282875457726618,-1,282875459553251,282875459610006,282875460049251,282875461130943,282875461779745,9271,295522,282875461779745,282875461492245,282875484846073,282875461130943,
0,92139795,282875474395212,282875474395212,0,282875474699068,282875474700708,282875474701203,282875474830396,282875490995212,282875474694510,16666666,16600000,282875474395212,-1,282875475849422,282875475905240,282875476413938,282875477450839,282875478147287,9140,222786,282875478147287,282875477737479,282875501522089,282875477450839,
0,92139811,282875491065212,282875491065212,0,282875491351906,282875491352896,282875491353339,282875491420734,282875507665212,282875491348495,16666666,16600000,282875491065212,-1,282875492612453,282875492654823,282875493033026,282875496152766,282875496719823,8256,152526,282875496719823,282875496378235,282875518196281,282875496152766,
0,92139834,282875507746071,282875507746071,0,282875508126594,282875508127062,282875508127479,282875508209917,282875524346071,282875508121568,16666666,16600000,282875507746071,-1,282875509618979,282875509654067,282875510022765,282875511159250,282875511840839,7135,252135,282875511840839,282875511510161,282875534882375,282875511159250,
0,92139843,282875524422087,282875524422087,0,282875524911307,282875524912453,282875524913260,282875525018494,282875541022087,282875524906115,16666666,16600000,282875524422087,-1,282875526953234,282875527006775,282875527642609,282875528933025,282875529679171,14140,257475,282875529679171,282875529285161,282875551559890,282875528933025,
0,92139852,282875541096279,282875541096279,0,282875541553494,282875541554406,282875541554875,282875541649041,282875557696279,282875541549718,16666666,16600000,282875541096279,-1,282875542951010,282875542993859,282875543489901,282875544531698,282875545257323,11771,242681,282875545257323,282875544867895,282875568208233,282875544531698,
0,92139861,282875557782373,282875557782373,0,282875558117427,282875558118781,282875558119875,282875558223729,282875574382373,282875558113104,16666666,16600000,282875557782373,-1,282875559496515,282875559530708,282875560071489,282875561296592,282875562071098,10677,353161,282875562071098,282875561751931,282875584867192,282875561296592,
0,92139870,282875574459888,282875574459888,0,282875574900604,282875574901515,282875574902166,282875574974327,282875591059888,282875574897401,16666666,16600000,282875574459888,-1,282875576258911,282875576299301,282875576929952,282875577897208,282875578629223,13515,246121,282875578629223,282875578199067,282875601552807,282875577897208,
0,92139879,282875591108231,282875591108231,0,282875591461879,282875591462634,282875591463337,282875591537243,282875607708231,282875591458415,16666666,16600000,282875591108231,-1,282875592833910,282875592883571,282875593570838,282875594725681,282875595422816,14984,227969,282875595422816,282875595047843,282875618235889,282875594725681,
0,92139888,282875607767190,282875607767190,0,282875608160472,282875608161384,282875608162139,282875608263415,282875624367190,282875608156670,16666666,16600000,282875607767190,-1,282875609692191,282875609739874,282875610363780,282875611421748,282875612171384,13610,234073,282875612171384,282875611714916,282875634908962,282875611421748,
0,92139897,282875624452805,282875624452805,0,282875624821462,282875624822634,282875624823597,282875624924222,282875641052805,282875624815056,16666666,16600000,282875624452805,-1,282875626374144,282875626439508,282875627128025,282875628447400,282875629012217,15755,334437,282875629012217,282875628881774,282875651575758,282875628447400,
0,92139906,282875641135887,282875641135887,0,282875641633753,282875641635576,282875641636774,282875641792790,282875657735887,282875641626306,16666666,16600000,282875641135887,-1,282875643313415,282875643358571,282875643950915,282875645061461,282875645746774,10729,233048,282875645746774,282875645385498,282875668257555,282875645061461,
0,92139915,282875657808960,282875657808960,0,282875658170238,282875658171566,282875658172373,282875658265072,282875674408960,282875658164665,16666666,16600000,282875657808960,-1,282875659780290,282875659821748,282875660482477,282875661552894,282875662314717,13177,262682,282875662314717,282875661880784,282875684946409,282875661552894,
0,92139924,282875674475756,282875674475756,0,282875675119300,282875675120498,282875675121347,282875675229248,282875691075756,282875675113935,16666666,16600000,282875674475756,-1,282875676893701,282875676958545,282875677535889,282875678807529,282875679440654,9870,344974,282875679440654,282875679253691,282875701612633,282875678807529,
0,92139933,282875691157553,282875691157553,0,282875691761748,282875691762529,282875691763206,282875691869274,282875707757553,282875691755159,16666666,16600000,282875691157553,-1,282875693555253,282875693623883,282875694252191,282875695605159,282875696307399,12474,421379,282875696307399,282875696134117,282875718274716,282875695605159,
0,92139942,282875707846407,282875707846407,0,282875708230836,282875708232450,282875708233492,282875708334820,282875724446407,282875708224612,16666666,16600000,282875707846407,-1,282875709942659,282875710012711,282875710637711,282875711982190,282875712638987,15224,361964,282875712638987,282875712513935,282875734940081,282875711982190,
0,92139951,282875724512631,282875724512631,0,282875724833206,282875724834872,282875724835523,282875724933414,282875741112631,282875724828049,16666666,16600000,282875724512631,-1,282875726559013,282875726854846,282875727491409,282875728665680,282875729342216,15536,220937,282875729342216,282875728973986,282875751602918,282875728665680,
0,92139960,282875741174714,282875741174714,0,282875741623336,282875741624664,282875741625497,282875741739143,282875757774714,282875741618283,16666666,16600000,282875741174714,-1,282875743383388,282875743431591,282875744141060,282875745280159,282875745979742,16719,266458,282875745979742,282875745629169,282875768302267,282875745280159,
0,92139969,282875757840079,282875757840079,0,282875758290471,282875758291434,282875758292112,282875758387023,282875774440079,282875758285601,16666666,16600000,282875757840079,-1,282875760113205,282875760166252,282875760966408,282875762103466,282875763433804,16979,262916,282875763433804,282875762446200,282875784976486,282875762103466,
0,92139978,282875774502916,282875774502916,0,282875774865835,282875774867137,282875774868022,282875774963804,282875791102916,282875774859533,16666666,16600000,282875774502916,-1,282875776715809,282875776759480,282875777434402,282875778758907,282875779545002,13828,331718,282875779545002,282875779210652,282875801616199,282875778758907,
0,92139987,282875791202265,282875791202265,0,282875795142892,282875795143778,282875795144272,282875795229897,282875807802265,282875795138934,16666666,16600000,282875791202265,-1,282875797847319,282875797942215,282875798607397,282875799958412,282875800591954,12630,227396,282875800591954,282875800336668,282875818293465,282875799958412,
0,92139995,282875824516197,282875824516197,0,282875826175913,282875826178439,282875826179767,282875826376772,282875841116197,282875826169142,16666666,16600000,282875824516197,-1,282875827523438,282875827575678,282875828304167,282875831247553,282875831849611,20156,354478,282875831849611,282875831704585,282875851675130,282875831247553,
0,92140004,282875841182863,282875841182863,0,282875842976694,282875842979194,282875842980470,282875843165678,282875857782863,282875842970079,16666666,16600000,282875841182863,-1,282875844531224,282875844639012,282875845378777,282875847049131,282875847631537,19053,310678,282875847631537,282875847458975,282875868327162,282875847049131,
0,92140013,282875857860129,282875857860129,0,282875858334376,282875858335444,282875858336042,282875858437230,282875874460129,282875858329532,16666666,16600000,282875857860129,-1,282875859706147,282875859791251,282875860500938,282875861921563,282875862612422,15875,409948,282875862612422,282875862450079,282875884997943,282875861921563,
0,92140022,282875874575128,282875874575128,0,282875875078178,282875875079235,282875875079870,282875875191068,282875891175128,282875875073126,16666666,16600000,282875874575128,-1,282875876515079,282875876602344,282875877279860,282875878903907,282875879350052,14114,292630,282875879350052,282875879292630,282875901690443,282875878903907,
0,92140031,282875891227160,282875891227160,0,282875891840079,282875891841485,282875891842188,282875891938776,282875907827160,282875891835599,16666666,16600000,282875891227160,-1,282875893193334,282875893276511,282875893919141,282875895154610,282875895856016,17057,219140,282875895856016,282875895454062,282875918359349,282875895154610,
0,92140040,282875907897941,282875907897941,0,282875908385286,282875908386640,282875908387500,282875908494037,282875924497941,282875908380364,16666666,16600000,282875907897941,-1,282875909807266,282875910197239,282875910884313,282875911986927,282875912704323,20609,273100,282875912704323,282875912414271,282875935028724,282875911986927,
0,92140049,282875924590441,282875924590441,0,282875925344089,282875925345052,282875925345833,282875925457865,282875941190441,282875925338714,16666666,16600000,282875924590441,-1,282875926997473,282875927056510,282875927685416,282875928872526,282875929541250,11875,218412,282875929541250,282875929163896,282875951686135,282875928872526,
0,92140058,282875941259347,282875941259347,0,282875941480625,282875941481719,282875941482187,282875941553151,282875957859347,282875941476552,16666666,16600000,282875941259347,-1,282875942734635,282875942777578,282875943290051,282875944380520,282875945134739,12240,313724,282875945134739,282875944764739,282875968369911,282875944380520,
0,92140067,282875957928722,282875957928722,0,282875958110337,282875958111187,282875958111770,282875958204088,282875974528722,282875958106171,16666666,16600000,282875957928722,-1,282875959316822,282875959374791,282875959804843,282875961302785,282875961903384,10192,260808,282875961903384,282875961665692,282875985029686,282875961302785,
0,92140076,282875974586133,282875974586133,0,282875974953411,282875974954427,282875974955078,282875975032890,282875991186133,282875974950052,16666666,16600000,282875974586133,-1,282875976747212,282875976782889,282875977154791,282875978061301,282875978763046,7917,248673,282875978763046,282875978358124,282876001711249,282875978061301,
0,92140085,282875991269909,282875991269909,0,282875991668775,282875991669598,282875991670431,282875991745546,282876007869909,282875991664920,16666666,16600000,282875991269909,-1,282875993516405,282875993542160,282875993921796,282875994856785,282875995560285,5521,186943,282875995560285,282875995096379,282876018375337,282875994856785,
0,92140094,282876007929684,282876007929684,0,282876008526692,282876008527489,282876008528046,282876008594192,282876024529684,282876008523567,16666666,16600000,282876007929684,-1,282876009772786,282876009799999,282876010383618,282876012072030,282876012564869,15052,245989,282876012564869,282876012412082,282876035055207,282876012072030,
0,92140103,282876024611247,282876024611247,0,282876025204712,282876025206509,282876025208956,282876025372343,282876041211247,282876025196951,16666666,16600000,282876024611247,-1,282876027003670,282876027043514,282876027697055,282876028620806,282876029351535,12865,192021,282876029351535,282876028857655,282876051720181,282876028620806,
0,92140112,282876041275335,282876041275335,0,282876041544087,282876041544946,282876041545780,282876041610780,282876057875335,282876041540936,16666666,16600000,282876041275335,-1,282876043234659,282876043269112,282876043702082,282876045109712,282876045716378,8645,397370,282876045716378,282876045610441,282876068434086,282876045109712,
0,92140121,282876057955205,282876057955205,0,282876058357134,282876058357889,282876058358540,282876058453618,282876074555205,282876058352759,16666666,16600000,282876057955205,-1,282876060337498,282876060405779,282876060988748,282876062131743,282876062727342,15937,188750,282876062727342,282876062398097,282876085103539,282876062131743,
0,92140130,282876074620179,282876074620179,0,282876074902550,282876074903201,282876074903826,282876074962733,282876091220179,282876074899789,16666666,16600000,282876074620179,-1,282876076705180,282876076735388,282876077041092,282876077916899,282876078657888,8489,209234,282876078657888,282876078174217,282876101745909,282876077916899,
0,92140139,282876091334084,282876091334084,0,282876091616898,282876091617810,282876091618357,282876091700101,282876107934084,282876091613305,16666666,16600000,282876091334084,-1,282876093503122,282876093552940,282876094139424,282876095475987,282876096085570,9531,279479,282876096085570,282876095851716,282876118419242,282876095475987,
0,92140148,282876108003537,282876108003537,0,282876108435882,282876108437315,282876108438278,282876108590388,282876124603537,282876108430231,16666666,16600000,282876108003537,-1,282876110261429,282876110323461,282876111016586,282876112151273,282876112918487,11823,278646,282876112918487,282876112507498,282876135115596,282876112151273,
0,92140157,282876124645907,282876124645907,0,282876125064007,282876125065882,282876125066507,282876125180830,282876141245907,282876125058226,16666666,16600000,282876124645907,-1,282876127705231,282876127764111,282876128341585,282876129583174,282876130268503,11875,238386,282876130268503,282876129933800,282876151810154,282876129583174,
0,92140166,282876141319240,282876141319240,0,282876141568070,282876141569190,282876141569997,282876141664008,282876157919240,282876141563904,16666666,16600000,282876141319240,-1,282876143541534,282876143586664,282876144075831,282876145248981,282876145918773,9922,225234,282876145918773,282876145575700,282876168445335,282876145248981,
0,92140175,282876158015594,282876158015594,0,282876158444580,282876158445466,282876158446195,282876158563044,282876174615594,282876158439632,16666666,16600000,282876158015594,-1,282876160756455,282876160806898,282876161407626,282876162641246,282876163379164,11355,334271,282876163379164,282876163080127,282876185123486,282876162641246,
0,92140184,282876174710152,282876174710152,0,282876179348486,282876179349397,282876179349970,282876179435204,282876191310152,282876179344085,16666666,16600000,282876174710152,-1,282876180966820,282876181029606,282876181511768,282876183038304,282876183547705,10443,194791,282876183547705,282876183324163,282876201800439,282876183038304,
0,92140192,282876208023484,282876208023484,0,282876208518773,282876208520596,282876208522106,282876208680127,282876224623484,282876208512131,16666666,16600000,282876208023484,-1,282876212053147,282876212125907,282876212693564,282876215537834,282876216118642,16380,359505,282876216118642,282876216031663,282876235124684,282876215537834,
0,92140201,282876224690150,282876224690150,0,282876229957053,282876229958069,282876229958850,282876230076064,282876241290150,282876229951220,16666666,16600000,282876224690150,-1,282876231958720,282876232061663,282876232717470,282876233970621,282876234673980,16563,241901,282876234673980,282876234311480,282876251803824,282876233970621,
0,92140209,282876258024682,282876258024682,0,282876258440725,282876258441662,282876258442339,282876258535152,282876274624682,282876258436688,16666666,16600000,282876258024682,-1,282876259958146,282876260062235,282876260621297,282876263552678,282876264153501,15547,356953,282876264153501,282876264084084,282876285143354,282876263552678,
0,92140218,282876274691348,282876274691348,0,282876274881792,282876274882834,282876274883328,282876274943302,282876291291348,282876274878771,16666666,16600000,282876274691348,-1,282876276220307,282876276256740,282876276652938,282876277541661,282876278263511,8776,183308,282876278263511,282876277773996,282876301814256,282876277541661,
0,92140227,282876291370488,282876291370488,0,282876291611427,282876291612407,282876291612927,282876291684266,282876307970488,282876291608146,16666666,16600000,282876291370488,-1,282876292999682,282876293046651,282876293605828,282876295388276,282876295952000,10703,267865,282876295952000,282876295751480,282876318487052,282876295388276,
0,92140236,282876308043352,282876308043352,0,282876308318484,282876308319474,282876308319995,282876308409552,282876324643352,282876308313146,16666666,16600000,282876308043352,-1,282876309634135,282876309677547,282876310225828,282876311189631,282876311950959,8099,228307,282876311950959,282876311477547,282876335165229,282876311189631,
0,92140245,282876324714254,282876324714254,0,282876325137979,282876325139422,282876325140281,282876325248536,282876341314254,282876325131974,16666666,16600000,282876324714254,-1,282876326879161,282876326961271,282876328441270,282876329988849,282876330591131,13594,121146,282876330591131,282876330244802,282876351839630,282876329988849,
0,92140254,282876341387050,282876341387050,0,282876341760437,282876341760854,282876341761453,282876341832833,282876357987050,282876341757078,16666666,16600000,282876341387050,-1,282876343565906,282876343622599,282876344083631,282876345873536,282876346254317,10261,166355,282876346254317,282876346094891,282876368495957,282876345873536,
0,92140263,282876358065227,282876358065227,0,282876358422182,282876358423145,282876358424109,282876358494437,282876374665227,282876358417885,16666666,16600000,282876358065227,-1,282876360271062,282876360353692,282876360925880,282876362783666,282876363352858,12787,269974,282876363352858,282876363177796,282876385194837,282876362783666,
0,92140272,282876374739628,282876374739628,0,282876375075046,282876375076088,282876375077026,282876375155723,282876391339628,282876375071453,16666666,16600000,282876374739628,-1,282876376884603,282876376927337,282876377457780,282876378392520,282876379113249,13984,200416,282876379113249,282876378634525,282876401864421,282876378392520,
0,92140281,282876391395955,282876391395955,0,282876391733978,282876391734525,282876391735019,282876391788744,282876407995955,282876391731243,16666666,16600000,282876391395955,-1,282876393581608,282876393908327,282876394487781,282876395427650,282876396118786,14245,177916,282876396118786,282876395652520,282876418535827,282876395427650,
0,92140290,282876408094835,282876408094835,0,282876408629724,282876408630349,282876408630958,282876408700723,282876424694835,282876408626504,16666666,16600000,282876408094835,-1,282876410633796,282876410687025,282876411146114,282876412626973,282876413159812,11771,270312,282876413159812,282876412989472,282876435215280,282876412626973,
0,92140299,282876424764419,282876424764419,0,282876425495567,282876425497363,282876425498431,282876425698900,282876441364419,282876425484916,16666666,16600000,282876424764419,-1,282876427949968,282876428123343,282876429437051,282876431254984,282876431925879,23620,229984,282876431925879,282876431593629,282876451932676,282876431254984,
0,92140308,282876441435825,282876441435825,0,282876449713030,282876449714264,282876449714837,282876449861816,282876458035825,282876449708274,16666666,16600000,282876441435825,-1,282876451184186,282876451286868,282876452125722,282876453719081,282876454390514,21485,274219,282876454390514,282876454102571,282876468562883,282876453719081,
0,92140316,282876474832674,282876474832674,0,282876476187466,282876476189576,282876476191711,282876476356816,282876491432674,282876476180461,16666666,16600000,282876474832674,-1,282876477832623,282876477900383,282876478563404,282876481889289,282876482417206,18776,262683,282876482417206,282876482235149,282876501916789,282876481889289,
0,92140325,282876491499340,282876491499340,0,282876495274628,282876495275357,282876495276034,282876495351086,282876508099340,282876495271451,16666666,16600000,282876491499340,-1,282876496503144,282876496545774,282876496990436,282876497949263,282876498658378,14349,222552,282876498658378,282876498225044,282876518571008,282876497949263,
0,92140334,282876524816787,282876524816787,0,282876525291710,282876525293507,282876525294132,282876525389993,282876541416787,282876525286242,16666666,16600000,282876524816787,-1,282876526700227,282876526739081,282876527659133,282876530824836,282876531472805,25260,343152,282876531472805,282876531285409,282876551940617,282876530824836,
0,92140343,282876541483453,282876541483453,0,282876541890721,282876541891320,282876541891919,282876541959940,282876558083453,282876541888055,16666666,16600000,282876541483453,-1,282876543366814,282876543410268,282876543911841,282876545584810,282876546203794,16458,385001,282876546203794,282876546096633,282876568563116,282876545584810,
0,92140352,282876558137672,282876558137672,0,282876558557231,282876558557830,282876558558351,282876558616919,282876574737672,282876558554054,16666666,16600000,282876558137672,-1,282876559855695,282876559939002,282876560536372,282876562477986,282876562987856,12839,331849,282876562915513,282876562987856,282876585252663,282876562477986,
0,92140361,282876574840615,282876574840615,0,282876575201476,282876575202440,282876575203585,282876575304575,282876591440615,282876575196372,16666666,16600000,282876574840615,-1,282876576665695,282876576735590,282876577449913,282876578583940,282876579310981,15104,225000,282876579310981,282876578904001,282876601937934,282876578583940,
0,92140370,282876591463114,282876591463114,0,282876592321762,282876592322908,282876592323767,282876592455668,282876608063114,282876592316085,16666666,16600000,282876591463114,-1,282876593870669,282876594278496,282876595012230,282876596380278,282876597089679,15859,265103,282876597089679,282876596768402,282876618619704,282876596380278,
0,92140379,282876608152661,282876608152661,0,282876608656710,282876608658689,282876608660122,282876608802257,282876624752661,282876608650773,16666666,16600000,282876608152661,-1,282876610205694,282876610250486,282876610871814,282876611898012,282876612629054,12318,263749,282876612629054,282876612219262,282876635264001,282876611898012,
0,92140388,282876624837932,282876624837932,0,282876625123246,282876625123923,282876625124652,282876625198741,282876641437932,282876625119434,16666666,16600000,282876624837932,-1,282876626572881,282876626637012,282876627201345,282876628957803,282876629471788,13593,250939,282876629471788,282876629304392,282876651947178,282876628957803,
0,92140397,282876641519702,282876641519702,0,282876642181632,282876642183507,282876642184887,282876642396657,282876658119702,282876642172153,16666666,16600000,282876641519702,-1,282876644427959,282876644562751,282876645879079,282876647736240,282876648667793,25000,531902,282876648667793,282876648466214,282876668632439,282876647736240,
0,92140406,282876658163999,282876658163999,0,282876661483453,282876661484599,282876661485120,282876661557793,282876674763999,282876661479912,16666666,16600000,282876658163999,-1,282876662655485,282876662686266,282876663148506,282876664299704,282876664994287,11640,232057,282876664994287,282876664600016,282876685282281,282876664299704,
0,92140415,282876691532437,282876691532437,0,282876692336021,282876692337698,282876692338740,282876692541595,282876708132437,282876692324104,16666666,16600000,282876691532437,-1,282876694156526,282876694293349,282876695448089,282876700876292,282876701468948,27292,194896,282876701468948,282876701157151,282876718643375,282876700876292,
0,92140423,282876708199103,282876708199103,0,282876708833037,282876708834573,282876708836631,282876709005875,282876724799103,282876708825198,16666666,16600000,282876708199103,-1,282876710471542,282876710510875,282876711006812,282876711969756,282876712685771,11641,244713,282876712685771,282876712258010,282876735305589,282876711969756,
0,92140432,282876724848945,282876724848945,0,282876725193948,282876725194703,282876725195406,282876725278323,282876741448945,282876725189911,16666666,16600000,282876724848945,-1,282876726908063,282876727209494,282876727820510,282876729618792,282876730232750,16130,289724,282876730232750,282876730041162,282876751976396,282876729618792,
0,92140441,282876741543373,282876741543373,0,282876742277984,282876742278635,282876742279417,282876742355979,282876758143373,282876742274156,16666666,16600000,282876741543373,-1,282876743816578,282876743861395,282876744634468,282876746702464,282876747305353,18401,446901,282876747230588,282876747305353,282876768639979,282876746702464,
0,92140450,282876758205587,282876758205587,0,282876758640822,282876758641630,282876758642219,282876758719208,282876774805587,282876758637072,16666666,16600000,282876758205587,-1,282876760303453,282876760347984,282876761089885,282876762182229,282876762905771,15912,330807,282876762905771,282876762586630,282876785310734,282876762182229,
0,92140459,282876774876394,282876774876394,0,282876775102255,282876775103375,282876775104156,282876775184651,282876791476394,282876775098193,16666666,16600000,282876774876394,-1,282876776763713,282876776804702,282876777410327,282876778490432,282876779207176,12005,211275,282876779207176,282876778755718,282876802002306,282876778490432,
0,92140468,282876791539977,282876791539977,0,282876791970786,282876791971968,282876791973208,282876792129077,282876808139977,282876791963817,16666666,16600000,282876791539977,-1,282876793883036,282876793978739,282876794818244,282876796786134,282876797378598,16146,286251,282876797378598,282876797185067,282876818671733,282876796786134,
0,92140477,282876808210732,282876808210732,0,282876808501394,282876808502530,282876808503295,282876808591759,282876824810732,282876808497592,16666666,16600000,282876808210732,-1,282876810423624,282876810525030,282876811114754,282876812784650,282876813478113,15963,348266,282876813478113,282876813277124,282876835340014,282876812784650,
0,92140486,282876824902304,282876824902304,0,282876825708504,282876825709181,282876825709936,282876825808442,282876841502304,282876825703556,16666666,16600000,282876824902304,-1,282876827488999,282876827532983,282876828249285,282876831011827,282876831661915,20896,473620,282876831577384,282876831661915,282876851997697,282876831011827,
0,92140495,282876841571731,282876841571731,0,282876841927931,282876841928764,282876841929285,282876842002540,282876858171731,282876841924415,16666666,16600000,282876841571731,-1,282876843729363,282876843803504,282876846115145,282876847294180,282876848068296,17526,363829,282876848068296,282876847734259,282876868702801,282876847294180,
0,92140504,282876858240012,282876858240012,0,282876858693061,282876858694259,282876858695066,282876858773207,282876874840012,282876858688503,16666666,16600000,282876858240012,-1,282876860809561,282876860886159,282876862050639,282876863824467,282876864718477,19427,407474,282876864718477,282876864406160,282876885336862,282876863824467,
0,92140513,282876874897695,282876874897695,0,282876875299128,282876875300795,282876875301785,282876875396107,282876891497695,282876875294128,16666666,16600000,282876874897695,-1,282876876919440,282876876963815,282876877570091,282876878633842,282876879377878,11562,222318,282876879377878,282876878926498,282876902009883,282876878633842,
0,92140522,282876891602799,282876891602799,0,282876892103285,282876892105326,282876892106602,282876892249430,282876908202799,282876892096472,16666666,16600000,282876891602799,-1,282876893846342,282876893913087,282876894727930,282876896118477,282876896774076,13932,201353,282876896774076,282876896418191,282876918686341,282876896118477,
0,92140531,282876908236860,282876908236860,0,282876908833529,282876908835039,282876908836602,282876909011914,282876924836860,282876908827592,16666666,16600000,282876908236860,-1,282876910596524,282876910646420,282876911197330,282876912627686,282876913261941,11485,171615,282876913261941,282876912863373,282876935361211,282876912627686,
0,92140540,282876924909881,282876924909881,0,282876925326810,282876925327539,282876925328112,282876925397018,282876941509881,282876925319169,16666666,16600000,282876924909881,-1,282876926936576,282876926974847,282876927362279,282876928225508,282876928917409,8021,166171,282876928917409,282876928433424,282876952030013,282876928225508,
0,92140549,282876941586339,282876941586339,0,282876941996315,282876941998086,282876941999935,282876942136549,282876958186339,282876941990976,16666666,16600000,282876941586339,-1,282876943671289,282876943720420,282876944280065,282876945294882,282876946004908,13073,230818,282876946004908,282876945578425,282876968701732,282876945294882,
0,92140558,282876958261209,282876958261209,0,282876958667148,282876958668684,282876958670507,282876958811783,282876974861209,282876958659596,16666666,16600000,282876958261209,-1,282876960478867,282876960515091,282876961154674,282876962111497,282876962773450,15391,186095,282876962773450,282876962342591,282876985371106,282876962111497,
0,92140567,282876974930011,282876974930011,0,282876975592528,282876975593528,282876975594335,282876975674127,282876991530011,282876975588892,16666666,16600000,282876974930011,-1,282876977424153,282876977461783,282876977847539,282876978707356,282876979423101,8386,189036,282876979423101,282876978942538,282877002046444,282876978707356,
0,92140576,282876991601730,282876991601730,0,282876991914023,282876991914882,282876991915758,282876992023554,282877008201730,282876991909257,16666666,16600000,282876991601730,-1,282876993829674,282876994180976,282876994722252,282876995720480,282876996394439,14115,186095,282876996394439,282876995967867,282877018714283,282876995720480,
0,92140585,282877008271104,282877008271104,0,282877008608501,282877008609986,282877008610741,282877008695455,282877024871104,282877008604647,16666666,16600000,282877008271104,-1,282877010459256,282877010498449,282877011105532,282877012796965,282877013338398,11901,327812,282877013338398,282877013225820,282877035385871,282877012796965,
0,92140594,282877024946442,282877024946442,0,282877025366313,282877025367720,282877025369282,282877025480351,282877041546442,282877025360402,16666666,16600000,282877024946442,-1,282877027325011,282877027362746,282877027742277,282877028657772,282877029377538,9688,173229,282877029377538,282877028874673,282877052106496,282877028657772,
0,92140603,282877041614281,282877041614281,0,282877042128970,282877042129933,282877042131105,282877042210131,282877058214281,282877042125506,16666666,16600000,282877041614281,-1,282877044081417,282877044167200,282877044934856,282877046734334,282877047652954,15088,426822,282877047652954,282877047297850,282877068738345,282877046734334,
0,92140612,282877058285869,282877058285869,0,282877064538136,282877064539568,282877064540402,282877064642693,282877074885869,282877064533657,16666666,16600000,282877058285869,-1,282877065933448,282877065987329,282877066539907,282877067561860,282877068264491,12880,247005,282877068264491,282877067876105,282877085404724,282877067561860,
0,92140620,282877091638343,282877091638343,0,282877091935037,282877091935610,282877091936027,282877092021886,282877108238343,282877091931157,16666666,16600000,282877091638343,-1,282877093293813,282877093329673,282877093702042,282877096067902,282877096743266,16380,255807,282877096743266,282877096437954,282877118760323,282877096067902,
0,92140629,282877108305009,282877108305009,0,282877108543776,282877108544464,282877108544932,282877108606807,282877124905009,282877108541078,16666666,16600000,282877108305009,-1,282877109799385,282877109860505,282877110300063,282877111764698,282877112390062,13047,243282,282877112390062,282877112102928,282877135414750,282877111764698,
0,92140638,282877124971388,282877124971388,0,282877125205115,282877125205922,282877125206365,282877125273838,282877141571388,282877125202016,16666666,16600000,282877124971388,-1,282877126421000,282877126452448,282877126841990,282877127811755,282877128560583,6302,263099,282877128560583,282877128122745,282877152115755,282877127811755,
0,92140647,282877141660321,282877141660321,0,282877142073812,282877142074880,282877142075843,282877142175999,282877158260321,282877142069020,16666666,16600000,282877141660321,-1,282877144392745,282877144447250,282877145289593,282877146660036,282877147359020,14713,264584,282877147359020,282877147035323,282877168755651,282877146660036,
0,92140656,282877158314748,282877158314748,0,282877162939151,282877162940245,282877162940792,282877163033552,282877174914748,282877162935141,16666666,16600000,282877158314748,-1,282877164203604,282877164252604,282877164762275,282877165980713,282877166638229,10912,229531,282877166638229,282877166288630,282877185448186,282877165980713,
0,92140665,282877191655649,282877191655649,0,282877194361650,282877194363811,282877194364462,282877194519906,282877208255649,282877194356337,16666666,16600000,282877191655649,-1,282877195489411,282877195575921,282877196490635,282877200978239,282877201835817,30417,629140,282877201685895,282877201835817,282877218815816,282877200978239,
0,92140673,282877208322315,282877208322315,0,282877211405400,282877211406364,282877211406781,282877211482301,282877224922315,282877211402848,16666666,16600000,282877208322315,-1,282877212372874,282877212580374,282877213121702,282877214628187,282877215233031,12760,222057,282877215233031,282877214931415,282877235489931,282877214628187,
0,92140682,282877241715814,282877241715814,0,282877244254671,282877244258291,282877244259306,282877244488394,282877258315814,282877244244723,16666666,16600000,282877241715814,-1,282877245528369,282877245599410,282877246532821,282877250687978,282877251357587,22812,329609,282877251357587,282877251195295,282877268826353,282877250687978,
0,92140690,282877258382480,282877258382480,0,282877259930686,282877259931832,282877259932248,282877260042769,282877274982480,282877259927431,16666666,16600000,282877258382480,-1,282877260946284,282877260975843,282877261324566,282877262282655,282877263018134,7875,191536,282877263018134,282877262517717,282877285493603,282877262282655,
0,92140699,282877291726351,282877291726351,0,282877293148784,282877293150815,282877293151961,282877293290504,282877308326351,282877293143393,16666666,16600000,282877291726351,-1,282877294751014,282877294836441,282877295785034,282877299651466,282877300191388,16494,331911,282877300191388,282877300091336,282875134704124,282877299651466,
0,92140707,282877308393017,282877308393017,0,282877309362976,282877309363785,282877309364201,282877309440113,282877324993017,282877309360320,16666666,16600000,282877308393017,-1,282877310365086,282877310395815,282877310709045,282877311480165,282877312235815,6953,181380,282877312235815,282877311696586,282875151381442,282877311480165,
0,92140716,282877341742688,282877341742688,0,282877342117247,282877342118148,282877342118575,282877342199773,282877358342688,282877342114617,16666666,16600000,282877341742688,-1,282877343096544,282877343128862,282877343447924,282877346488367,282877347101310,9610,229593,282877347101310,282877346805894,282875168097275,282877346488367,
0,92140725,282877358409354,282877358409354,0,282877358880346,282877358881205,282877358882195,282877358963054,282877375009354,282877358876804,16666666,16600000,282877358409354,-1,282877360232169,282877360301491,282877360649330,282877361666310,282877362393758,9453,210885,282877362393758,282877361926492,282875184750087,282877361666310,
0,92140734,282877375073417,282877375073417,0,282877375602169,282877375602715,282877375603288,282877375670085,282877391673417,282877375599096,16666666,16600000,282877375073417,-1,282877376844799,282877376922872,282877377262221,282877378257819,282877378977272,8099,208751,282877378977272,282877378522846,282875201412353,282877378257819,
0,92140743,282877391760917,282877391760917,0,282877392425111,282877392426049,282877392426752,282877392482819,282877408360917,282877392422090,16666666,16600000,282877391760917,-1,282877393617377,282877393644486,282877393972586,282877394876778,282877395611413,7994,195390,282877395611413,282877395124616,282875218096806,282877394876778,
---PROFILEDATA---


View hierarchy:

  com.termux/com.termux.app.TermuxActivity/android.view.ViewRootImpl@b46882c
  43 views, 118.72 kB of render nodes


Total ViewRootImpl   : 1
Total attached Views : 43
Total RenderNode     : 118.72 kB (used) / 335.49 kB (capacity)

