Applications Graphics Acceleration Info:
Uptime: 282863031 Realtime: 371437760

** Graphics info for pid 2233 [com.termux] (user 0) **

Stats since: 282851049150032ns
Total frames rendered: 599
Janky frames: 0 (0.00%)
Janky frames (legacy): 79 (13.19%)
50th percentile: 6ms
90th percentile: 8ms
95th percentile: 9ms
99th percentile: 10ms
Number Missed Vsync: 0
Number High input latency: 0
Number Slow UI thread: 0
Number Slow bitmap uploads: 0
Number Slow issue draw commands: 0
Number Frame deadline missed: 0
Number Frame deadline missed (legacy): 79
HISTOGRAM: 5ms=158 6ms=147 7ms=159 8ms=86 9ms=33 10ms=13 11ms=2 12ms=1 13ms=0 14ms=0 15ms=0 16ms=0 17ms=0 18ms=0 19ms=0 20ms=0 21ms=0 22ms=0 23ms=0 24ms=0 25ms=0 26ms=0 27ms=0 28ms=0 29ms=0 30ms=0 31ms=0 32ms=0 34ms=0 36ms=0 38ms=0 40ms=0 42ms=0 44ms=0 46ms=0 48ms=0 53ms=0 57ms=0 61ms=0 65ms=0 69ms=0 73ms=0 77ms=0 81ms=0 85ms=0 89ms=0 93ms=0 97ms=0 101ms=0 105ms=0 109ms=0 113ms=0 117ms=0 121ms=0 125ms=0 129ms=0 133ms=0 150ms=0 200ms=0 250ms=0 300ms=0 350ms=0 400ms=0 450ms=0 500ms=0 550ms=0 600ms=0 650ms=0 700ms=0 750ms=0 800ms=0 850ms=0 900ms=0 950ms=0 1000ms=0 1050ms=0 1100ms=0 1150ms=0 1200ms=0 1250ms=0 1300ms=0 1350ms=0 1400ms=0 1450ms=0 1500ms=0 1550ms=0 1600ms=0 1650ms=0 1700ms=0 1750ms=0 1800ms=0 1850ms=0 1900ms=0 1950ms=0 2000ms=0 2050ms=0 2100ms=0 2150ms=0 2200ms=0 2250ms=0 2300ms=0 2350ms=0 2400ms=0 2450ms=0 2500ms=0 2550ms=0 2600ms=0 2650ms=0 2700ms=0 2750ms=0 2800ms=0 2850ms=0 2900ms=0 2950ms=0 3000ms=0 3050ms=0 3100ms=0 3150ms=0 3200ms=0 3250ms=0 3300ms=0 3350ms=0 3400ms=0 3450ms=0 3500ms=0 3550ms=0 3600ms=0 3650ms=0 3700ms=0 3750ms=0 3800ms=0 3850ms=0 3900ms=0 3950ms=0 4000ms=0 4050ms=0 4100ms=0 4150ms=0 4200ms=0 4250ms=0 4300ms=0 4350ms=0 4400ms=0 4450ms=0 4500ms=0 4550ms=0 4600ms=0 4650ms=0 4700ms=0 4750ms=0 4800ms=0 4850ms=0 4900ms=0 4950ms=0
50th gpu percentile: 1ms
90th gpu percentile: 1ms
95th gpu percentile: 1ms
99th gpu percentile: 1ms
GPU HISTOGRAM: 1ms=596 2ms=3 3ms=0 4ms=0 5ms=0 6ms=0 7ms=0 8ms=0 9ms=0 10ms=0 11ms=0 12ms=0 13ms=0 14ms=0 15ms=0 16ms=0 17ms=0 18ms=0 19ms=0 20ms=0 21ms=0 22ms=0 23ms=0 24ms=0 25ms=0 4950ms=0

Pipeline=Skia (Vulkan)
Memory policy:
  Max surface area: 4021248
  Max resource usage: 193.02MB (x48)
  Background retention: 50% (altUiHidden = true)
  GPU Context timeout: 10
Contexts: 1 (stopped = 0)
CPU Caches:
  Glyph Cache: 1.17 MB (1 entry)
  Glyph Count: 201 
Total CPU memory usage:
  1227860 bytes, 1.17 MB (0.00 bytes is purgeable)
GPU Caches:
  Other:
    Other: 135.03 KB (1 entry)
  Image:
    Surface: 2.31 MB (2 entries)
  Scratch:
    Buffer Object: 142.38 KB (5 entries)
    Surface: 78.70 MB (16 entries)
Total GPU memory usage:
  85228864 bytes, 81.28 MB (78.54 KB is purgeable)
Pipeline Cache: inactive
GraphicBufferAllocator buffers:
            Handle |         Size |     W (Stride) x H | Layers |   Format |      Usage | Requestor
0xb400007c6687e860 | 15708.00 KiB | 1344 (1344) x 2992 |      1 |        1 | 0x     b00 | VRI[TermuxActivity]#229(BLAST Consumer)229
0xb400007c66895e10 | 15708.00 KiB | 1344 (1344) x 2992 |      1 |        1 | 0x     b00 | VRI[TermuxActivity]#229(BLAST Consumer)229
0xb400007c6689da60 | 15708.00 KiB | 1344 (1344) x 2992 |      1 |        1 | 0x     b00 | VRI[TermuxActivity]#229(BLAST Consumer)229
0xb400007c668b9810 | 15708.00 KiB | 1344 (1344) x 2992 |      1 |        1 | 0x     b00 | VRI[TermuxActivity]#229(BLAST Consumer)229
0xb400007c668ddde0 | 15708.00 KiB | 1344 (1344) x 2992 |      1 |        1 | 0x     b00 | VRI[TermuxActivity]#229(BLAST Consumer)229
Total allocated by GraphicBufferAllocator (estimate): 78540.00 KB
Imported gralloc buffers:
+ name:VRI[TermuxActivity]#229(BLAST Consumer)229, id:382929, size:15782.28KiB, w/h:1344x2992, usage: 0xb00, req fmt:1, fourcc/mod:875708993/10520408729537478695, dataspace: 0x8810000, compressed: true
+ name:VRI[TermuxActivity]#229(BLAST Consumer)229, id:382909, size:15782.28KiB, w/h:1344x2992, usage: 0xb00, req fmt:1, fourcc/mod:875708993/10520408729537478695, dataspace: 0x8810000, compressed: true
+ name:VRI[TermuxActivity]#229(BLAST Consumer)229, id:382913, size:15782.28KiB, w/h:1344x2992, usage: 0xb00, req fmt:1, fourcc/mod:875708993/10520408729537478695, dataspace: 0x8810000, compressed: true
+ name:VRI[TermuxActivity]#229(BLAST Consumer)229, id:382923, size:15782.28KiB, w/h:1344x2992, usage: 0xb00, req fmt:1, fourcc/mod:875708993/10520408729537478695, dataspace: 0x8810000, compressed: true
+ name:VRI[TermuxActivity]#229(BLAST Consumer)229, id:382919, size:15782.28KiB, w/h:1344x2992, usage: 0xb00, req fmt:1, fourcc/mod:875708993/10520408729537478695, dataspace: 0x8810000, compressed: true
Total imported by gralloc: 78911.41KiB

Profile data in ms:

	com.termux/com.termux.app.TermuxActivity/android.view.ViewRootImpl@b46882c (visibility=0)
Window: com.termux/com.termux.app.TermuxActivity
Stats since: 282851049144277ns
Total frames rendered: 599
Janky frames: 0 (0.00%)
Janky frames (legacy): 79 (13.19%)
50th percentile: 6ms
90th percentile: 8ms
95th percentile: 9ms
99th percentile: 10ms
Number Missed Vsync: 0
Number High input latency: 0
Number Slow UI thread: 0
Number Slow bitmap uploads: 0
Number Slow issue draw commands: 0
Number Frame deadline missed: 0
Number Frame deadline missed (legacy): 79
HISTOGRAM: 5ms=158 6ms=147 7ms=159 8ms=86 9ms=33 10ms=13 11ms=2 12ms=1 13ms=0 14ms=0 15ms=0 16ms=0 17ms=0 18ms=0 19ms=0 20ms=0 21ms=0 22ms=0 23ms=0 24ms=0 25ms=0 26ms=0 27ms=0 28ms=0 29ms=0 30ms=0 31ms=0 32ms=0 34ms=0 36ms=0 38ms=0 40ms=0 42ms=0 44ms=0 46ms=0 48ms=0 53ms=0 57ms=0 61ms=0 65ms=0 69ms=0 73ms=0 77ms=0 81ms=0 85ms=0 89ms=0 93ms=0 97ms=0 101ms=0 105ms=0 109ms=0 113ms=0 117ms=0 121ms=0 125ms=0 129ms=0 133ms=0 150ms=0 200ms=0 250ms=0 300ms=0 350ms=0 400ms=0 450ms=0 500ms=0 550ms=0 600ms=0 650ms=0 700ms=0 750ms=0 800ms=0 850ms=0 900ms=0 950ms=0 1000ms=0 1050ms=0 1100ms=0 1150ms=0 1200ms=0 1250ms=0 1300ms=0 1350ms=0 1400ms=0 1450ms=0 1500ms=0 1550ms=0 1600ms=0 1650ms=0 1700ms=0 1750ms=0 1800ms=0 1850ms=0 1900ms=0 1950ms=0 2000ms=0 2050ms=0 2100ms=0 2150ms=0 2200ms=0 2250ms=0 2300ms=0 2350ms=0 2400ms=0 2450ms=0 2500ms=0 2550ms=0 2600ms=0 2650ms=0 2700ms=0 2750ms=0 2800ms=0 2850ms=0 2900ms=0 2950ms=0 3000ms=0 3050ms=0 3100ms=0 3150ms=0 3200ms=0 3250ms=0 3300ms=0 3350ms=0 3400ms=0 3450ms=0 3500ms=0 3550ms=0 3600ms=0 3650ms=0 3700ms=0 3750ms=0 3800ms=0 3850ms=0 3900ms=0 3950ms=0 4000ms=0 4050ms=0 4100ms=0 4150ms=0 4200ms=0 4250ms=0 4300ms=0 4350ms=0 4400ms=0 4450ms=0 4500ms=0 4550ms=0 4600ms=0 4650ms=0 4700ms=0 4750ms=0 4800ms=0 4850ms=0 4900ms=0 4950ms=0
50th gpu percentile: 1ms
90th gpu percentile: 1ms
95th gpu percentile: 1ms
99th gpu percentile: 1ms
GPU HISTOGRAM: 1ms=596 2ms=3 3ms=0 4ms=0 5ms=0 6ms=0 7ms=0 8ms=0 9ms=0 10ms=0 11ms=0 12ms=0 13ms=0 14ms=0 15ms=0 16ms=0 17ms=0 18ms=0 19ms=0 20ms=0 21ms=0 22ms=0 23ms=0 24ms=0 25ms=0 4950ms=0



---PROFILEDATA---
Flags,FrameTimelineVsyncId,IntendedVsync,Vsync,InputEventId,HandleInputStart,AnimationStart,PerformTraversalsStart,DrawStart,FrameDeadline,FrameStartTime,FrameInterval,WorkloadTarget,AnimationTime,AnimationCounter,SyncQueued,SyncStart,IssueDrawCommandsStart,SwapBuffers,FrameCompleted,DequeueBufferDuration,QueueBufferDuration,GpuCompleted,SwapBuffersCompleted,DisplayPresentTime,CommandSubmissionCompleted,
0,92134279,282859796022053,282859796022053,0,282859796680102,282859796681222,282859796682029,282859796794685,282859812622053,282859796675362,16666666,16600000,282859796022053,-1,282859798853305,282859798925180,282859799094868,282859800372289,282859801067159,11058,174141,282859801067159,282859800609894,282859823151300,282859800372289,
0,92134288,282859812747469,282859812747469,0,282859813685466,282859813686872,282859813688773,282859813857315,282859829347469,282859813679763,16666666,16600000,282859812747469,-1,282859815983321,282859816071758,282859816244206,282859817489737,282859818228773,11042,194609,282859818228773,282859817751481,282859839804242,282859817489737,
0,92134297,282859829377381,282859829377381,0,282859829940387,282859829941768,282859829943669,282859830120362,282859845977381,282859829932757,16666666,16600000,282859829377381,-1,282859832460804,282859832523200,282859832678643,282859833922340,282859834600232,8619,164964,282859834600232,282859834146664,282859856484752,282859833922340,
0,92134306,282859846051298,282859846051298,0,282859846602783,282859846604554,282859846606185,282859846767861,282859862651298,282859846595570,16666666,16600000,282859846051298,-1,282859849082992,282859849162315,282859849342080,282859850649814,282859851367315,10625,205470,282859851367315,282859850934867,282859873144580,282859850649814,
0,92134315,282859862704240,282859862704240,0,282859863282757,282859863284528,282859863286221,282859863459424,282859879304240,282859863272939,16666666,16600000,282859862704240,-1,282859865811836,282859865885101,282859866056845,282859867440595,282859868091012,9427,196694,282859868091012,282859867711143,282859889848486,282859867440595,
0,92134324,282859879384750,282859879384750,0,282859879996351,282859879997262,282859879998148,282859880145257,282859895984750,282859879991689,16666666,16600000,282859879384750,-1,282859882494867,282859882882288,282859883184554,282859884834658,282859885671924,20859,316287,282859885671924,282859885270075,282859906514371,282859884834658,
0,92134333,282859896044578,282859896044578,0,282859897328877,282859897331012,282859897332705,282859897601402,282859912644578,282859897319424,16666666,16600000,282859896044578,-1,282859900043798,282859900126481,282859900328538,282859901810960,282859902463981,12958,218749,282859902463981,282859902115595,282859923156861,282859901810960,
0,92134342,282859912748484,282859912748484,0,282859913608069,282859913609007,282859913609840,282859913716584,282859929348484,282859913603486,16666666,16600000,282859912748484,-1,282859916246350,282859916295100,282859916446688,282859917613694,282859918300751,10615,172864,282859918300751,282859917850934,282859939827314,282859917613694,
0,92134351,282859929414369,282859929414369,0,282859929788902,282859929790126,282859929790985,282859929874944,282859946014369,282859929784189,16666666,16600000,282859929414369,-1,282859932338616,282859932408694,282859932571167,282859933862027,282859934437417,11849,158386,282859934437417,282859934082027,282859956520125,282859933862027,
0,92134360,282859946056859,282859946056859,0,282859946645881,282859946647053,282859946648615,282859946836584,282859962656859,282859946637469,16666666,16600000,282859946056859,-1,282859949658850,282859950249892,282859950591297,282859952456558,282859953146167,21208,181017,282859953146167,282859952701689,282859973187120,282859952456558,
0,92134369,282859962727312,282859962727312,0,282859963276115,282859963276844,282859963277730,282859963441974,282859979327312,282859963270715,16666666,16600000,282859962727312,-1,282859966735594,282859966836531,282859967026845,282859968486792,282859969200047,17265,216823,282859969200047,282859968793432,282859989861844,282859968486792,
0,92134378,282859979420123,282859979420123,0,282859980235438,282859980237261,282859980238276,282859980376818,282859996020123,282859980227834,16666666,16600000,282859979420123,-1,282859983061975,282859983187756,282859983363771,282859984697651,282859985404214,12709,200913,282859985404214,282859984977600,282860006509318,282859984697651,
0,92134387,282859996087118,282859996087118,0,282859996698641,282859996699839,282859996700646,282859996821131,282860012687118,282859996693693,16666666,16600000,282859996087118,-1,282859999329370,282859999410542,282859999589812,282860000946922,282860001554083,18359,203813,282860001554083,282860001225698,282860023173042,282860000946922,
0,92134396,282860012761842,282860012761842,0,282860013242130,282860013243198,282860013244161,282860013341688,282860029361842,282860013237052,16666666,16600000,282860012761842,-1,282860016087469,282860016141948,282860016300932,282860017539448,282860018184578,14281,169921,282860018184578,282860017776401,282860039870906,282860017539448,
0,92134405,282860029409316,282860029409316,0,282860029845698,282860029847104,282860029848432,282860029954682,282860046009316,282860029841010,16666666,16600000,282860029409316,-1,282860032641765,282860032689084,282860032798969,282860033743171,282860034366948,12526,140104,282860034366948,282860033929994,282860056545046,282860033743171,
0,92134414,282860046073040,282860046073040,0,282860046684083,282860046684551,282860046684994,282860046754932,282860062673040,282860046680958,16666666,16600000,282860046073040,-1,282860047910072,282860047987911,282860048128614,282860049280619,282860049987885,8177,166120,282860049987885,282860049510698,282860073219317,282860049280619,
0,92134423,282860062770904,282860062770904,0,282860063702182,282860063704526,282860063706010,282860063898250,282860079370904,282860063694344,16666666,16600000,282860062770904,-1,282860066906765,282860067026427,282860067325984,282860068989161,282860069609812,18750,216822,282860069609812,282860069260697,282860089876009,282860068989161,
0,92134432,282860079445044,282860079445044,0,282860079954187,282860079954864,282860079955567,282860080058770,282860096045044,282860079950958,16666666,16600000,282860079445044,-1,282860082812249,282860082919160,282860083065088,282860084094317,282860084733483,9245,150104,282860084733483,282860084302573,282860106534785,282860084094317,
0,92134441,282860096119315,282860096119315,0,282860096576296,282860096577120,282860096577781,282860096653536,282860112719315,282860096573510,16666666,16600000,282860096119315,-1,282860099301452,282860099354108,282860099491608,282860100602624,282860101203978,7906,142344,282860101203978,282860100801218,282860123227572,282860100602624,
0,92134450,282860112776007,282860112776007,0,282860113255149,282860113256025,282860113256920,282860113329759,282860129376007,282860113251790,16666666,16600000,282860112776007,-1,282860116671348,282860116731009,282860116853874,282860117985775,282860118642546,10078,169843,282860118642546,282860118215384,282860139899629,282860117985775,
0,92134459,282860129434783,282860129434783,0,282860129880879,282860129881998,282860129882910,282860129957207,282860146034783,282860129877519,16666666,16600000,282860129434783,-1,282860133367458,282860133491686,282860133728300,282860135360801,282860135980697,17422,156015,282860135980697,282860135578275,282860156569159,282860135360801,
0,92134468,282860146127570,282860146127570,0,282860147014863,282860147015905,282860147017067,282860147169733,282860162727570,282860147009030,16666666,16600000,282860146127570,-1,282860150691737,282860150788040,282860151054316,282860152962275,282860153769576,24333,362631,282860153769576,282860153457858,282860173253081,282860152962275,
0,92134477,282860162799627,282860162799627,0,282860163287102,282860163288066,282860163288977,282860163372180,282860179399627,282860163283378,16666666,16600000,282860162799627,-1,282860166744993,282860166806581,282860166932780,282860168180774,282860168865218,9271,154427,282860168865218,282860168397493,282860189886060,282860168180774,
0,92134486,282860179469157,282860179469157,0,282860180265217,282860180269367,282860180271164,282860180487858,282860196069157,282860180257154,16666666,16600000,282860179469157,-1,282860183943925,282860184079263,282860184288342,282860185811884,282860186515383,15885,299870,282860186515383,282860186203977,282860206567232,282860185811884,
0,92134495,282860196153079,282860196153079,0,282860196625045,282860196626842,282860196627962,282860196730566,282860212753079,282860196620488,16666666,16600000,282860196153079,-1,282860199744107,282860199823066,282860200000149,282860201436399,282860202123482,12344,243281,282860202123482,282860201822883,282860223231060,282860201436399,
0,92134504,282860212786058,282860212786058,0,282860213277544,282860213278664,282860213279721,282860213361529,282860229386058,282860213273716,16666666,16600000,282860212786058,-1,282860216340591,282860216396502,282860216557101,282860217722804,282860218393638,7422,183386,282860218393638,282860217972310,282860239892440,282860217722804,
0,92134520,282860229467230,282860229467230,0,282860229941502,282860229942101,282860229943195,282860230059549,282860246067230,282860229937440,16666666,16600000,282860229467230,-1,282860233259705,282860233327570,282860233491998,282860234789758,282860235403169,10026,195182,282860235403169,282860235059471,282860256569939,282860234789758,
0,92134536,282860246131058,282860246131058,0,282860246504159,282860246505044,282860246506008,282860246627752,282860262731058,282860246498742,16666666,16600000,282860246131058,-1,282860249678247,282860249756883,282860249938065,282860251264783,282860251931710,15573,228621,282860251931710,282860251573742,282860273232153,282860251264783,
0,92134545,282860262792438,282860262792438,0,282860263324435,282860263325096,282860263325841,282860263459601,282860279392438,282860263319835,16666666,16600000,282860262792438,-1,282860265929877,282860266030330,282860266217621,282860267705382,282860268383065,14687,216041,282860268383065,282860268039965,282860289920580,282860267705382,
0,92134554,282860279469937,282860279469937,0,282860280062023,282860280062648,282860280063481,282860280174002,282860296069937,282860280057908,16666666,16600000,282860279469937,-1,282860283199861,282860283267908,282860283434028,282860284732361,282860285407335,11250,196562,282860285407335,282860284999914,282860306598689,282860284732361,
0,92134563,282860296132151,282860296132151,0,282860296800929,282860296801658,282860296802648,282860296892231,282860312732151,282860296797205,16666666,16600000,282860296132151,-1,282860300292231,282860301594105,282860301829471,282860303382100,282860304112934,14349,249541,282860304112934,282860303713820,282860323265460,282860303382100,
0,92134572,282860312820578,282860312820578,0,282860313376919,282860313378325,282860313379174,282860313521215,282860329420578,282860313371162,16666666,16600000,282860312820578,-1,282860317061163,282860317151761,282860317399226,282860319377074,282860320201449,18620,369870,282860320201449,282860319875799,282860339940746,282860319377074,
0,92134581,282860329498687,282860329498687,0,282860330273897,282860330275121,282860330276622,282860330433012,282860346098687,282860330265069,16666666,16600000,282860329498687,-1,282860333990511,282860334078481,282860334329262,282860336225355,282860336896345,15218,243578,282860336896345,282860336551985,282860356612621,282860336225355,
0,92134590,282860346165458,282860346165458,0,282860346837168,282860346838558,282860346839902,282860347050902,282860362765458,282860346826579,16666666,16600000,282860346165458,-1,282860350711553,282860350802793,282860351132907,282860352892413,282860353539913,26208,224245,282860353539913,282860353199313,282860373275302,282860352892413,
0,92134599,282860362840744,282860362840744,0,282860363431318,282860363433037,282860363434704,282860363601318,282860379440744,282860363423991,16666666,16600000,282860362840744,-1,282860367054798,282860367143871,282860367357230,282860368922647,282860369561032,12995,264567,282860369561032,282860369274355,282860389935563,282860368922647,
0,92134608,282860379512619,282860379512619,0,282860380198714,282860380200250,282860380201865,282860380349651,282860396112619,282860380192438,16666666,16600000,282860379512619,-1,282860384517881,282860384588063,282860384751396,282860386031709,282860386676605,12110,216771,282860386676605,282860386329105,282860406613584,282860386031709,
0,92134617,282860396175300,282860396175300,0,282860396895823,282860396897073,282860396898235,282860397029807,282860412775300,282860396891579,16666666,16600000,282860396175300,-1,282860400093427,282860400226214,282860400424937,282860402120537,282860402684808,14297,249364,282860402684808,282860402462751,282860423281630,282860402120537,
0,92134626,282860412835561,282860412835561,0,282860413804260,282860413805927,282860413807099,282860414051839,282860429435561,282860413798193,16666666,16600000,282860412835561,-1,282860418351187,282860418451109,282860418690901,282860420269469,282860420905865,24349,290261,282860420905865,282860420661292,282860439957724,282860420269469,
0,92134635,282860429513582,282860429513582,0,282860430214677,282860430215927,282860430217959,282860430427385,282860446113582,282860430205407,16666666,16600000,282860429513582,-1,282860434638218,282860434757177,282860434971734,282860436553661,282860437275667,14219,262527,282860437275667,282860436918323,282860456631760,282860436553661,
0,92134644,282860446181628,282860446181628,0,282860446797645,282860446799312,282860446800995,282860446949599,282860462781628,282860446791395,16666666,16600000,282860446181628,-1,282860452222662,282860452314364,282860452531968,282860454214260,282860454832411,15312,258453,282860454832411,282860454576239,282860473307306,282860454214260,
0,92134652,282860462857722,282860462857722,0,282860463382984,282860463384224,282860463385302,282860463508521,282860479457722,282860463376369,16666666,16600000,282860462857722,-1,282860467385838,282860467487254,282860467790250,282860469870093,282860470634312,18750,351406,282860470634312,282860470332099,282860489977072,282860469870093,
0,92134661,282860479531758,282860479531758,0,282860480076682,282860480078010,282860480079703,282860480224885,282860496131758,282860480071369,16666666,16600000,282860479531758,-1,282860484384911,282860484484468,282860484733817,282860487119546,282860487806630,18532,491380,282860487806630,282860487767697,282860506653452,282860487119546,
0,92134670,282860496207304,282860496207304,0,282860496858192,282860496859780,282860496861786,282860497052775,282860512807304,282860496850197,16666666,16600000,282860496207304,-1,282860500958973,282860501040301,282860501281073,282860503149406,282860503943791,14270,334453,282860503943791,282860503585952,282860523307176,282860503149406,
0,92134679,282860512877070,282860512877070,0,282860513704640,282860513706004,282860513707593,282860513892775,282860529477070,282860513696030,16666666,16600000,282860512877070,-1,282860520223270,282860520346775,282860520694598,282860522352670,282860523066837,20901,222136,282860523066837,282860522655239,282860539986853,282860522352670,
0,92134687,282860529553450,282860529553450,0,282860530400692,282860530401551,282860530402609,282860530568478,282860546153450,282860530393270,16666666,16600000,282860529553450,-1,282860534500040,282860534676446,282860534964988,282860536904858,282860537540874,20808,297380,282860537540874,282860537285614,282860556648738,282860536904858,
0,92134696,282860546207174,282860546207174,0,282860546728686,282860546729535,282860546730873,282860546840040,282860562807174,282860546722306,16666666,16600000,282860546207174,-1,282860550690040,282860550769232,282860551018400,282860552767305,282860553496186,12724,309947,282860553496186,282860553157045,282860573335560,282860552767305,
0,92134705,282860562886851,282860562886851,0,282860563565378,282860563566446,282860563567816,282860563716081,282860579486851,282860563558113,16666666,16600000,282860562886851,-1,282860569491914,282860569608780,282860569878425,282860571806706,282860572564336,17370,340297,282860572564336,282860572256498,282860589995352,282860571806706,
0,92134713,282860579548736,282860579548736,0,282860580135665,282860580136514,282860580137670,282860580254300,282860596148736,282860580129623,16666666,16600000,282860579548736,-1,282860584495977,282860584774258,282860585009534,282860586882070,282860587630248,15687,316589,282860587630248,282860587318321,282860606673962,282860586882070,
0,92134722,282860596235558,282860596235558,0,282860596954336,282860596956263,282860596957894,282860597138034,282860612835558,282860596948972,16666666,16600000,282860596235558,-1,282860601187904,282860601346238,282860601612591,282860603791811,282860604571862,20807,390676,282860604571862,282860604299847,282860623370977,282860603791811,
0,92134731,282860612895350,282860612895350,0,282860613596836,282860613597878,282860613599092,282860613720065,282860629495350,282860613590951,16666666,16600000,282860612895350,-1,282860617307488,282860617419805,282860617642399,282860619803206,282860620290195,18099,354871,282860620234987,282860620290195,282860640018206,282860619803206,
0,92134740,282860629573960,282860629573960,0,282860630382070,282860630383425,282860630384883,282860630537279,282860646173960,282860630375560,16666666,16600000,282860629573960,-1,282860634611862,282860634791341,282860635042607,282860637267903,282860637833059,17412,331337,282860637833059,282860637704586,282860656697800,282860637267903,
0,92134749,282860646270975,282860646270975,0,282860646983363,282860646984326,282860646985612,282860647126159,282860662870975,282860646977408,16666666,16600000,282860646270975,-1,282860650998398,282860651067122,282860651297434,282860653086591,282860653848164,11042,334271,282860653848164,282860653528961,282860673366434,282860653086591,
0,92134758,282860662918204,282860662918204,0,282860663638137,282860663639049,282860663640377,282860663767096,282860679518204,282860663632070,16666666,16600000,282860662918204,-1,282860667976679,282860668130367,282860668367070,282860670098111,282860670885534,14046,399870,282860670885534,282860670589690,282860690045116,282860670098111,
0,92134767,282860679597798,282860679597798,0,282860680242903,282860680243882,282860680244934,282860680355871,282860696197798,282860680238580,16666666,16600000,282860679597798,-1,282860685057721,282860685174804,282860685420028,282860687564804,282860688122147,22031,450027,282860687957929,282860688122147,282860706692460,282860687564804,
0,92134775,282860696266432,282860696266432,0,282860697021522,282860697024075,282860697025835,282860697185965,282860712866432,282860697013371,16666666,16600000,282860696266432,-1,282860701947408,282860702119231,282860702354257,282860704395975,282860705174934,20859,417229,282860705174934,282860704912902,282860723351470,282860704395975,
0,92134783,282860712945114,282860712945114,0,282860714251653,282860714253345,282860714255142,282860714431835,282860729545114,282860714245966,16666666,16600000,282860712945114,-1,282860719128970,282860719195037,282860719384257,282860721065506,282860721798319,9063,398803,282860721798319,282860721584283,282860739996288,282860721065506,
0,92134791,282860729592458,282860729592458,0,282860730026913,282860730027616,282860730028657,282860730104637,282860746192458,282860730023345,16666666,16600000,282860729592458,-1,282860732790402,282860733041210,282860733235428,282860734793736,282860735400559,13099,236787,282860735400559,282860735179569,282860756660402,282860734793736,
0,92134800,282860746251468,282860746251468,0,282860747106001,282860747107199,282860747108553,282860747204439,282860762851468,282860747102225,16666666,16600000,282860746251468,-1,282860751706444,282860751755480,282860751923032,282860753347433,282860753951417,9766,224714,282860753951417,282860753659621,282860773379073,282860753347433,
0,92134809,282860762896286,282860762896286,0,282860763806538,282860763807642,282860763808970,282860763925663,282860779496286,282860763802043,16666666,16600000,282860762896286,-1,282860765519959,282860765559829,282860765667797,282860766584100,282860767338006,6146,144557,282860767338006,282860766771391,282860790055271,282860766584100,
0,92134818,282860779560400,282860779560400,0,282860779959647,282860779960532,282860779961027,282860780060011,282860796160400,282860779955610,16666666,16600000,282860779560400,-1,282860781214725,282860781331652,282860781530975,282860783119776,282860783802433,13932,372161,282860783802433,282860783582172,282860806717276,282860783119776,
0,92134827,282860796279071,282860796279071,0,282860797150922,282860797152318,282860797154438,282860797361027,282860812879071,282860797140948,16666666,16600000,282860796279071,-1,282860802784802,282860802858604,282860803205454,282860804636417,282860805214464,10260,234010,282860805214464,282860804949516,282860823384568,282860804636417,
0,92134835,282860812955269,282860812955269,0,282860813432302,282860813433448,282860813434515,282860813534594,282860829555269,282860813428422,16666666,16600000,282860812955269,-1,282860815931364,282860815974073,282860816098449,282860817216469,282860817884541,7266,140382,282860817884541,282860817407954,282860840044985,282860817216469,
0,92134844,282860829617274,282860829617274,0,282860830476391,282860830477172,282860830477875,282860830553083,282860846217274,282860830473031,16666666,16600000,282860829617274,-1,282860833007875,282860833042068,282860833152422,282860834189792,282860834810714,9010,143932,282860834810714,282860834387292,282860856721729,282860834189792,
0,92134853,282860846284566,282860846284566,0,282860846851094,282860846852484,282860846854046,282860846949489,282860862884566,282860846845713,16666666,16600000,282860846284566,-1,282860849677146,282860849742667,282860849857797,282860850877770,282860851534906,8333,152473,282860851534906,282860851150036,282860873386286,282860850877770,
0,92134862,282860862944983,282860862944983,0,282860863776702,282860863777978,282860863779463,282860863889906,282860879544983,282860863771676,16666666,16600000,282860862944983,-1,282860866320088,282860866404281,282860866527224,282860867630582,282860868366911,9036,149376,282860868366911,282860867837562,282860890064176,282860867630582,
0,92134871,282860879621727,282860879621727,0,282860880118135,282860880118734,282860880119463,282860880299906,282860896221727,282860880114750,16666666,16600000,282860879621727,-1,282860882950504,282860883063811,282860883336442,282860884919228,282860885803317,19948,297110,282860885803317,282860885318838,282860906725843,282860884919228,
0,92134880,282860896286284,282860896286284,0,282860896758447,282860896759245,282860896760062,282860896841885,282860912886284,282860896755270,16666666,16600000,282860896286284,-1,282860899243082,282860899312406,282860899433057,282860900551962,282860901290713,10339,166798,282860901290713,282860900774749,282860923399436,282860900551962,
0,92134889,282860912964174,282860912964174,0,282860913457717,282860913458801,282860913460478,282860913598499,282860929564174,282860913451077,16666666,16600000,282860912964174,-1,282860916658472,282860916732093,282860916902405,282860918249296,282860918924723,12396,234531,282860918924723,282860918568394,282860940107744,282860918249296,
0,92134898,282860929625841,282860929625841,0,282860930173186,282860930174384,282860930175347,282860930280963,282860946225841,282860930168993,16666666,16600000,282860929625841,-1,282860933317405,282860933384983,282860933556989,282860934999358,282860935670322,9584,243489,282860935670322,282860935314931,282860956761077,282860934999358,
0,92134907,282860946299434,282860946299434,0,282860947018003,282860947018811,282860947019982,282860947198577,282860962899434,282860947010285,16666666,16600000,282860946299434,-1,282860950435947,282860950566884,282860950861597,282860952728628,282860953471962,20364,282683,282860953471962,282860953089775,282860973402222,282860952728628,
0,92134916,282860963007742,282860963007742,0,282860963789644,282860963790920,282860963793149,282860963991415,282860979607742,282860963781092,16666666,16600000,282860963007742,-1,282860967211249,282860967300217,282860967580451,282860969237613,282860969854097,19574,209218,282860969854097,282860969522040,282860990091857,282860969237613,
0,92134925,282860979661075,282860979661075,0,282860980594150,282860980596129,282860980598290,282860980860493,282860996261075,282860980584279,16666666,16600000,282860979661075,-1,282860984145139,282860984228967,282860984469244,282860985800946,282860986443368,19011,228114,282860986443368,282860986103983,282861006763602,282860985800946,
0,92134934,282860996302220,282860996302220,0,282860997019504,282860997020998,282860997022576,282860997210805,282861012902220,282860997011363,16666666,16600000,282860996302220,-1,282861000676884,282861000744149,282861000944123,282861002373758,282861003090346,12536,297527,282861003090346,282861002759425,282861023430555,282861002373758,
0,92134943,282861012991855,282861012991855,0,282861013721441,282861013722691,282861013723540,282861013863706,282861029591855,282861013715425,16666666,16600000,282861012991855,-1,282861017560763,282861017658862,282861017878289,282861019327082,282861020085425,11328,241953,282861020085425,282861019652768,282861040097508,282861019327082,
0,92134952,282861029663600,282861029663600,0,282861030227013,282861030227768,282861030228757,282861030371493,282861046263600,282861030220440,16666666,16600000,282861029663600,-1,282861033873992,282861033935476,282861034114018,282861035513680,282861036239227,11963,244557,282861036239227,282861035848966,282861056771076,282861035513680,
0,92134961,282861046330553,282861046330553,0,282861047066623,282861047068654,282861047071102,282861047233045,282861062930553,282861047059748,16666666,16600000,282861046330553,-1,282861050638930,282861050710424,282861050906804,282861052356779,282861053156674,12396,333115,282861053156674,282861052798288,282861073500007,282861052356779,
0,92134970,282861062997506,282861062997506,0,282861063683288,282861063684164,282861063685059,282861063817793,282861079597506,282861063678835,16666666,16600000,282861062997506,-1,282861067422169,282861067515242,282861067836075,282861070231413,282861071411179,27317,508488,282861071411179,282861070918731,282861090119736,282861070231413,
0,92134979,282861079671074,282861079671074,0,282861080222065,282861080223080,282861080224200,282861080314434,282861096271074,282861080217690,16666666,16600000,282861079671074,-1,282861083311726,282861083395763,282861083589252,282861085080163,282861085712897,15547,251146,282861085712897,282861085413288,282861106774788,282861085080163,
0,92134988,282861096400005,282861096400005,0,282861097194867,282861097197715,282861097198991,282861097402846,282861113000005,282861097185918,16666666,16600000,282861096400005,-1,282861101548304,282861101678210,282861101985971,282861104137559,282861104978288,22813,352708,282861104978288,282861104611466,282861123441101,282861104137559,
0,92134996,282861113019734,282861113019734,0,282861113598747,282861113600841,282861113602273,282861113757273,282861129619734,282861113590841,16666666,16600000,282861113019734,-1,282861116955997,282861117027976,282861117275319,282861119447403,282861120234746,12656,346656,282861120234746,282861119896204,282861140106309,282861119447403,
0,92135005,282861129674786,282861129674786,0,282861130441205,282861130442455,282861130443757,282861130654876,282861146274786,282861130433809,16666666,16600000,282861129674786,-1,282861134426569,282861134541881,282861134839190,282861137007767,282861137679147,23542,231171,282861137679147,282861137324720,282861156794320,282861137007767,
0,92135014,282861146341099,282861146341099,0,282861146976725,282861146978157,282861146978834,282861147119538,282861162941099,282861146971897,16666666,16600000,282861146341099,-1,282861150676673,282861150763964,282861150973653,282861152415345,282861153112262,15729,236547,282861153112262,282861152740292,282861173457974,282861152415345,
0,92135023,282861163006307,282861163006307,0,282861163699511,282861163701464,282861163703017,282861163905475,282861179606307,282861163691558,16666666,16600000,282861163006307,-1,282861167104095,282861167198756,282861167469449,282861169223834,282861169952053,18865,282099,282861169952053,282861169593053,282861190129433,282861169223834,
0,92135032,282861179694318,282861179694318,0,282861180504198,282861180505579,282861180507391,282861180737428,282861196294318,282861180496151,16666666,16600000,282861179694318,-1,282861184488443,282861184587194,282861184787532,282861186155110,282861186832376,12614,267501,282861186832376,282861186507011,282861206778798,282861186155110,
0,92135048,282861196357972,282861196357972,0,282861196747870,282861196748990,282861196749771,282861196844824,282861212957972,282861196744667,16666666,16600000,282861196357972,-1,282861199014146,282861199058678,282861199216219,282861200496229,282861201133990,8282,197422,282861201133990,282861200758808,282861223442740,282861200496229,
0,92135057,282861213029431,282861213029431,0,282861213230709,282861213231334,282861213231854,282861213294068,282861229629431,282861213227792,16666666,16600000,282861213029431,-1,282861214743260,282861214772401,282861214874641,282861215719641,282861216371386,5990,123489,282861216371386,282861215887089,282861240109433,282861215719641,
0,92135066,282861229678796,282861229678796,0,282861229882063,282861229882636,282861229883078,282861229935214,282861246278796,282861229880021,16666666,16600000,282861229678796,-1,282861231166854,282861231189615,282861231274953,282861232085864,282861232710344,4895,99886,282861232710344,282861232221255,282861256783339,282861232085864,
0,92135075,282861246342738,282861246342738,0,282861246529276,282861246529537,282861246529771,282861246584979,282861262942738,282861246527495,16666666,16600000,282861246342738,-1,282861247651750,282861247690646,282861247831933,282861249016984,282861249632427,8776,160052,282861249632427,282861249230917,282861273457140,282861249016984,
0,92135084,282861263009431,282861263009431,0,282861263212921,282861263213624,282861263214119,282861263274693,282861279609431,282861263210177,16666666,16600000,282861263009431,-1,282861264405708,282861264547037,282861264641620,282861265545343,282861266119760,6511,173098,282861266119760,282861265782114,282861290132947,282861265545343,
0,92135093,282861279683337,282861279683337,0,282861280112948,282861280114015,282861280115099,282861280204380,282861296283337,282861280109015,16666666,16600000,282861279683337,-1,282861284284770,282861284339249,282861284485525,282861285809406,282861286397608,8204,227031,282861286397608,282861286110057,282861306800812,282861285809406,
0,92135102,282861296357138,282861296357138,0,282861296760160,282861296761661,282861296762634,282861296863234,282861312957138,282861296755994,16666666,16600000,282861296357138,-1,282861300962036,282861301071228,282861301211280,282861302454952,282861303041228,11172,255990,282861303041228,282861302784796,282861323472374,282861302454952,
0,92135111,282861313032945,282861313032945,0,282861313501514,282861313502556,282861313503598,282861313594536,282861329632945,282861313497634,16666666,16600000,282861313032945,-1,282861317741505,282861317812791,282861317951332,282861319483103,282861320125004,11693,293958,282861320125004,282861319844770,282861340165421,282861319483103,
0,92135120,282861329700810,282861329700810,0,282861330224092,282861330225498,282861330227165,282861330343234,282861346300810,282861330218806,16666666,16600000,282861329700810,-1,282861334424770,282861334819613,282861334995473,282861336330759,282861337096384,13447,371067,282861337096384,282861336820395,282861356811410,282861336330759,
0,92135129,282861346372372,282861346372372,0,282861346964196,282861346965134,282861346966384,282861347054404,282861362972372,282861346959665,16666666,16600000,282861346372372,-1,282861351200629,282861351297259,282861351526306,282861353264092,282861353954639,13969,369184,282861353954639,282861353733259,282861373477112,282861353264092,
0,92135138,282861363065419,282861363065419,0,282861363626957,282861363628102,282861363629431,282861363752451,282861379665419,282861363622295,16666666,16600000,282861363065419,-1,282861368803128,282861368879030,282861369087113,282861370740628,282861371376332,16015,263672,282861371376332,282861371100603,282861390153014,282861370740628,
0,92135147,282861379711408,282861379711408,0,282861381358519,282861381360160,282861381361384,282861381512790,282861396311408,282861381353936,16666666,16600000,282861379711408,-1,282861383428858,282861383527946,282861383822243,282861385954379,282861386572504,17057,241510,282861386572504,282861386271722,282861406824222,282861385954379,
0,92135156,282861396377110,282861396377110,0,282861396969717,282861396971384,282861396972842,282861397116852,282861412977110,282861396963701,16666666,16600000,282861396377110,-1,282861402507841,282861402622035,282861402827633,282861404492867,282861405626644,19974,1022458,282861405529821,282861405626644,282861423494352,282861404492867,
0,92135164,282861413053012,282861413053012,0,282861413541539,282861413542633,282861413543987,282861413666644,282861429653012,282861413536461,16666666,16600000,282861413053012,-1,282861417854742,282861418918665,282861419118154,282861420412451,282861421032935,14115,219687,282861421032935,282861420695733,282861440155149,282861420412451,
0,92135180,282861429724220,282861429724220,0,282861430198170,282861430199299,282861430200549,282861430352712,282861446324220,282861430192607,16666666,16600000,282861429724220,-1,282861435097607,282861435183284,282861435381018,282861436776929,282861437370601,15520,234010,282861437370601,282861437095159,282861456832920,282861436776929,
0,92135203,282861446394350,282861446394350,0,282861446818909,282861446820237,282861446821070,282861446921669,282861462994350,282861446814247,16666666,16600000,282861446394350,-1,282861450893075,282861451998961,282861452236773,282861453592659,282861454264274,17370,205713,282861454264274,282861453864247,282861473496460,282861453592659,
0,92135212,282861463055147,282861463055147,0,282861463371591,282861463372581,282861463373831,282861463514768,282861479655147,282861463367346,16666666,16600000,282861463055147,-1,282861467286018,282861469182763,282861469323388,282861470439404,282861471052060,11406,146406,282861471052060,282861470694403,282861490173908,282861470439404,
0,92135228,282861479732918,282861479732918,0,282861480185601,282861480186487,282861480187450,282861480290393,282861496332918,282861480179612,16666666,16600000,282861479732918,-1,282861483662398,282861483762580,282861483958857,282861485336929,282861485973049,18490,243228,282861485973049,282861485661382,282861506834194,282861485336929,
0,92135244,282861496396458,282861496396458,0,282861496888179,282861496889690,282861496890810,282861497008726,282861512996458,282861496882372,16666666,16600000,282861496396458,-1,282861501490705,282861501560757,282861501691122,282861502870809,282861503513205,9765,184010,282861503513205,282861503110731,282861523494377,282861502870809,
0,92135253,282861513073906,282861513073906,0,282861513436981,282861513437866,282861513438960,282861513550210,282861529673906,282861513432371,16666666,16600000,282861513073906,-1,282861519465262,282861519544481,282861519733960,282861521359195,282861521943595,11588,299401,282861521943595,282861521758361,282861540183231,282861521359195,
0,92135261,282861529734192,282861529734192,0,282861530231512,282861530232319,282861530233335,282861530333282,282861546334192,282861530227335,16666666,16600000,282861529734192,-1,282861533479246,282861533559470,282861533769403,282861535287111,282861535930704,10833,248636,282861535930704,282861535620991,282861556850835,282861535287111,
0,92135270,282861546394375,282861546394375,0,282861547111694,282861547113074,282861547114011,282861547281173,282861562994375,282861547105339,16666666,16600000,282861546394375,-1,282861551202752,282861551278882,282861551452787,282861552916511,282861553590131,9713,227370,282861553590131,282861553228986,282861573549740,282861552916511,
0,92135279,282861563083229,282861563083229,0,282861563592475,282861563593386,282861563594262,282861563743985,282861579683229,282861563587319,16666666,16600000,282861563083229,-1,282861567565834,282861567653621,282861567827163,282861569400756,282861570119600,16068,611562,282861570067803,282861570119600,282861590195209,282861569400756,
0,92135288,282861579750833,282861579750833,0,282861580587683,282861580589766,282861580592100,282861580822683,282861596350833,282861580578073,16666666,16600000,282861579750833,-1,282861584871355,282861584959157,282861585163584,282861586697892,282861587396928,12474,286745,282861587396928,282861587063776,282861606903360,282861586697892,
0,92135297,282861596449738,282861596449738,0,282861596990522,282861596991589,282861596992709,282861597102475,282861613049738,282861596985756,16666666,16600000,282861596449738,-1,282861600940912,282861601010547,282861601190157,282861602627578,282861603232031,11807,220234,282861603232031,282861602933100,282861623575782,282861602627578,
0,92135306,282861613095207,282861613095207,0,282861613597057,282861613597865,282861613598870,282861613722240,282861629695207,282861613591224,16666666,16600000,282861613095207,-1,282861617784714,282861617855782,282861618112031,282861620220574,282861620957318,13178,362916,282861620957318,282861620673906,282861640240756,282861620220574,
0,92135315,282861629803358,282861629803358,0,282861630404027,282861630404949,282861630405850,282861630497448,282861646403358,282861630400834,16666666,16600000,282861629803358,-1,282861634049183,282861634108516,282861634289844,282861635786979,282861636558385,10589,318984,282861636558385,282861636194922,282861656910563,282861635786979,
0,92135324,282861646475780,282861646475780,0,282861646916901,282861646917672,282861646918724,282861646993698,282861663075780,282861646913740,16666666,16600000,282861646475780,-1,282861650402526,282861650457448,282861650633021,282861652138854,282861652964661,13005,269714,282861652964661,282861652484870,282861673578020,282861652138854,
0,92135333,282861663140754,282861663140754,0,282861663657656,282861663658541,282861663659521,282861663753880,282861679740754,282861663655364,16666666,16600000,282861663140754,-1,282861667148307,282861667199349,282861667359844,282861668741614,282861669559401,11823,227083,282861669559401,282861669036093,282861690248280,282861668741614,
0,92135342,282861679810561,282861679810561,0,282861680261536,282861680262360,282861680263307,282861680316448,282861696410561,282861680259036,16666666,16600000,282861679810561,-1,282861683751562,282861683806588,282861683960443,282861685300677,282861686126823,13256,218958,282861686126823,282861685590338,282861706918358,282861685300677,
0,92135351,282861696478018,282861696478018,0,282861697033099,282861697033828,282861697034713,282861697123463,282861713078018,282861697029869,16666666,16600000,282861696478018,-1,282861700611796,282861700731172,282861700878880,282861702166484,282861702935390,11745,245974,282861702935390,282861702498306,282859723129452,282861702166484,
0,92135360,282861713148278,282861713148278,0,282861713542004,282861713542889,282861713543827,282861713598374,282861729748278,282861713540155,16666666,16600000,282861713148278,-1,282861717011223,282861717053254,282861717186536,282861718628358,282861719480729,7734,251277,282861719480729,282861718961093,282859739785181,282861718628358,
0,92135369,282861729818356,282861729818356,0,282861730504869,282861730505781,282861730507343,282861730649192,282861746418356,282861730501223,16666666,16600000,282861729818356,-1,282861734937577,282861735060806,282861735265468,282861736806066,282861737644400,14209,285928,282861737644400,282861737184426,282859756466482,282861736806066,
0,92135378,282861746494909,282861746494909,0,282861746921769,282861746922593,282861746923697,282861746998384,282861763094909,282861746919025,16666666,16600000,282861746494909,-1,282861751086379,282861751219869,282861751383853,282861752870832,282861753738202,14359,263318,282861753738202,282861753302332,282859773122055,282861752870832,
0,92135387,282861763160101,282861763160101,0,282861764209217,282861764210025,282861764211197,282861764284113,282861779760101,282861764206030,16666666,16600000,282861763160101,-1,282861768456977,282861768551457,282861768695181,282861770046353,282861770835363,10729,245781,282861770835363,282861770364233,282859789847471,282861770046353,
0,92135396,282861779831003,282861779831003,0,282861780267941,282861780268722,282861780269816,282861780342967,282861796431003,282861780265103,16666666,16600000,282861779831003,-1,282861784568842,282861784660415,282861784798123,282861786101144,282861786874347,9063,235869,282861786874347,282861786403670,282859806477383,282861786101144,
---PROFILEDATA---


View hierarchy:

  com.termux/com.termux.app.TermuxActivity/android.view.ViewRootImpl@b46882c
  43 views, 118.72 kB of render nodes


Total ViewRootImpl   : 1
Total attached Views : 43
Total RenderNode     : 118.72 kB (used) / 335.49 kB (capacity)

