Applications Graphics Acceleration Info:
Uptime: 282847320 Realtime: 371422049

** Graphics info for pid 2233 [com.termux] (user 0) **

Stats since: 282836437801328ns
Total frames rendered: 599
Janky frames: 1 (0.17%)
Janky frames (legacy): 185 (30.88%)
50th percentile: 7ms
90th percentile: 10ms
95th percentile: 11ms
99th percentile: 12ms
Number Missed Vsync: 0
Number High input latency: 11
Number Slow UI thread: 1
Number Slow bitmap uploads: 0
Number Slow issue draw commands: 0
Number Frame deadline missed: 1
Number Frame deadline missed (legacy): 185
HISTOGRAM: 5ms=85 6ms=115 7ms=149 8ms=101 9ms=64 10ms=54 11ms=23 12ms=4 13ms=1 14ms=2 15ms=0 16ms=0 17ms=0 18ms=0 19ms=0 20ms=1 21ms=0 22ms=0 23ms=0 24ms=0 25ms=0 26ms=0 27ms=0 28ms=0 29ms=0 30ms=0 31ms=0 32ms=0 34ms=0 36ms=0 38ms=0 40ms=0 42ms=0 44ms=0 46ms=0 48ms=0 53ms=0 57ms=0 61ms=0 65ms=0 69ms=0 73ms=0 77ms=0 81ms=0 85ms=0 89ms=0 93ms=0 97ms=0 101ms=0 105ms=0 109ms=0 113ms=0 117ms=0 121ms=0 125ms=0 129ms=0 133ms=0 150ms=0 200ms=0 250ms=0 300ms=0 350ms=0 400ms=0 450ms=0 500ms=0 550ms=0 600ms=0 650ms=0 700ms=0 750ms=0 800ms=0 850ms=0 900ms=0 950ms=0 1000ms=0 1050ms=0 1100ms=0 1150ms=0 1200ms=0 1250ms=0 1300ms=0 1350ms=0 1400ms=0 1450ms=0 1500ms=0 1550ms=0 1600ms=0 1650ms=0 1700ms=0 1750ms=0 1800ms=0 1850ms=0 1900ms=0 1950ms=0 2000ms=0 2050ms=0 2100ms=0 2150ms=0 2200ms=0 2250ms=0 2300ms=0 2350ms=0 2400ms=0 2450ms=0 2500ms=0 2550ms=0 2600ms=0 2650ms=0 2700ms=0 2750ms=0 2800ms=0 2850ms=0 2900ms=0 2950ms=0 3000ms=0 3050ms=0 3100ms=0 3150ms=0 3200ms=0 3250ms=0 3300ms=0 3350ms=0 3400ms=0 3450ms=0 3500ms=0 3550ms=0 3600ms=0 3650ms=0 3700ms=0 3750ms=0 3800ms=0 3850ms=0 3900ms=0 3950ms=0 4000ms=0 4050ms=0 4100ms=0 4150ms=0 4200ms=0 4250ms=0 4300ms=0 4350ms=0 4400ms=0 4450ms=0 4500ms=0 4550ms=0 4600ms=0 4650ms=0 4700ms=0 4750ms=0 4800ms=0 4850ms=0 4900ms=0 4950ms=0
50th gpu percentile: 1ms
90th gpu percentile: 1ms
95th gpu percentile: 1ms
99th gpu percentile: 2ms
GPU HISTOGRAM: 1ms=592 2ms=7 3ms=0 4ms=0 5ms=0 6ms=0 7ms=0 8ms=0 9ms=0 10ms=0 11ms=0 12ms=0 13ms=0 14ms=0 15ms=0 16ms=0 17ms=0 18ms=0 19ms=0 20ms=0 21ms=0 22ms=0 23ms=0 24ms=0 25ms=0 4950ms=0

Pipeline=Skia (Vulkan)
Memory policy:
  Max surface area: 4021248
  Max resource usage: 193.02MB (x48)
  Background retention: 50% (altUiHidden = true)
  GPU Context timeout: 10
Contexts: 1 (stopped = 0)
CPU Caches:
  Glyph Cache: 1.17 MB (1 entry)
  Glyph Count: 201 
Total CPU memory usage:
  1227860 bytes, 1.17 MB (0.00 bytes is purgeable)
GPU Caches:
  Other:
    Other: 175.91 KB (1 entry)
  Image:
    Surface: 14.54 KB (1 entry)
  Scratch:
    Buffer Object: 846.38 KB (25 entries)
    Surface: 78.70 MB (15 entries)
Total GPU memory usage:
  83583936 bytes, 79.71 MB (590.54 KB is purgeable)
Pipeline Cache: inactive
GraphicBufferAllocator buffers:
            Handle |         Size |     W (Stride) x H | Layers |   Format |      Usage | Requestor
0xb400007c6687e860 | 15708.00 KiB | 1344 (1344) x 2992 |      1 |        1 | 0x     b00 | VRI[TermuxActivity]#229(BLAST Consumer)229
0xb400007c66895e10 | 15708.00 KiB | 1344 (1344) x 2992 |      1 |        1 | 0x     b00 | VRI[TermuxActivity]#229(BLAST Consumer)229
0xb400007c6689da60 | 15708.00 KiB | 1344 (1344) x 2992 |      1 |        1 | 0x     b00 | VRI[TermuxActivity]#229(BLAST Consumer)229
0xb400007c668b9810 | 15708.00 KiB | 1344 (1344) x 2992 |      1 |        1 | 0x     b00 | VRI[TermuxActivity]#229(BLAST Consumer)229
0xb400007c668ddde0 | 15708.00 KiB | 1344 (1344) x 2992 |      1 |        1 | 0x     b00 | VRI[TermuxActivity]#229(BLAST Consumer)229
Total allocated by GraphicBufferAllocator (estimate): 78540.00 KB
Imported gralloc buffers:
+ name:VRI[TermuxActivity]#229(BLAST Consumer)229, id:382929, size:15782.28KiB, w/h:1344x2992, usage: 0xb00, req fmt:1, fourcc/mod:875708993/10520408729537478695, dataspace: 0x8810000, compressed: true
+ name:VRI[TermuxActivity]#229(BLAST Consumer)229, id:382909, size:15782.28KiB, w/h:1344x2992, usage: 0xb00, req fmt:1, fourcc/mod:875708993/10520408729537478695, dataspace: 0x8810000, compressed: true
+ name:VRI[TermuxActivity]#229(BLAST Consumer)229, id:382913, size:15782.28KiB, w/h:1344x2992, usage: 0xb00, req fmt:1, fourcc/mod:875708993/10520408729537478695, dataspace: 0x8810000, compressed: true
+ name:VRI[TermuxActivity]#229(BLAST Consumer)229, id:382923, size:15782.28KiB, w/h:1344x2992, usage: 0xb00, req fmt:1, fourcc/mod:875708993/10520408729537478695, dataspace: 0x8810000, compressed: true
+ name:VRI[TermuxActivity]#229(BLAST Consumer)229, id:382919, size:15782.28KiB, w/h:1344x2992, usage: 0xb00, req fmt:1, fourcc/mod:875708993/10520408729537478695, dataspace: 0x8810000, compressed: true
Total imported by gralloc: 78911.41KiB

Profile data in ms:

	com.termux/com.termux.app.TermuxActivity/android.view.ViewRootImpl@b46882c (visibility=0)
Window: com.termux/com.termux.app.TermuxActivity
Stats since: 282836437797197ns
Total frames rendered: 599
Janky frames: 1 (0.17%)
Janky frames (legacy): 185 (30.88%)
50th percentile: 7ms
90th percentile: 10ms
95th percentile: 11ms
99th percentile: 12ms
Number Missed Vsync: 0
Number High input latency: 11
Number Slow UI thread: 1
Number Slow bitmap uploads: 0
Number Slow issue draw commands: 0
Number Frame deadline missed: 1
Number Frame deadline missed (legacy): 185
HISTOGRAM: 5ms=85 6ms=115 7ms=149 8ms=101 9ms=64 10ms=54 11ms=23 12ms=4 13ms=1 14ms=2 15ms=0 16ms=0 17ms=0 18ms=0 19ms=0 20ms=1 21ms=0 22ms=0 23ms=0 24ms=0 25ms=0 26ms=0 27ms=0 28ms=0 29ms=0 30ms=0 31ms=0 32ms=0 34ms=0 36ms=0 38ms=0 40ms=0 42ms=0 44ms=0 46ms=0 48ms=0 53ms=0 57ms=0 61ms=0 65ms=0 69ms=0 73ms=0 77ms=0 81ms=0 85ms=0 89ms=0 93ms=0 97ms=0 101ms=0 105ms=0 109ms=0 113ms=0 117ms=0 121ms=0 125ms=0 129ms=0 133ms=0 150ms=0 200ms=0 250ms=0 300ms=0 350ms=0 400ms=0 450ms=0 500ms=0 550ms=0 600ms=0 650ms=0 700ms=0 750ms=0 800ms=0 850ms=0 900ms=0 950ms=0 1000ms=0 1050ms=0 1100ms=0 1150ms=0 1200ms=0 1250ms=0 1300ms=0 1350ms=0 1400ms=0 1450ms=0 1500ms=0 1550ms=0 1600ms=0 1650ms=0 1700ms=0 1750ms=0 1800ms=0 1850ms=0 1900ms=0 1950ms=0 2000ms=0 2050ms=0 2100ms=0 2150ms=0 2200ms=0 2250ms=0 2300ms=0 2350ms=0 2400ms=0 2450ms=0 2500ms=0 2550ms=0 2600ms=0 2650ms=0 2700ms=0 2750ms=0 2800ms=0 2850ms=0 2900ms=0 2950ms=0 3000ms=0 3050ms=0 3100ms=0 3150ms=0 3200ms=0 3250ms=0 3300ms=0 3350ms=0 3400ms=0 3450ms=0 3500ms=0 3550ms=0 3600ms=0 3650ms=0 3700ms=0 3750ms=0 3800ms=0 3850ms=0 3900ms=0 3950ms=0 4000ms=0 4050ms=0 4100ms=0 4150ms=0 4200ms=0 4250ms=0 4300ms=0 4350ms=0 4400ms=0 4450ms=0 4500ms=0 4550ms=0 4600ms=0 4650ms=0 4700ms=0 4750ms=0 4800ms=0 4850ms=0 4900ms=0 4950ms=0
50th gpu percentile: 1ms
90th gpu percentile: 1ms
95th gpu percentile: 1ms
99th gpu percentile: 2ms
GPU HISTOGRAM: 1ms=592 2ms=7 3ms=0 4ms=0 5ms=0 6ms=0 7ms=0 8ms=0 9ms=0 10ms=0 11ms=0 12ms=0 13ms=0 14ms=0 15ms=0 16ms=0 17ms=0 18ms=0 19ms=0 20ms=0 21ms=0 22ms=0 23ms=0 24ms=0 25ms=0 4950ms=0



---PROFILEDATA---
Flags,FrameTimelineVsyncId,IntendedVsync,Vsync,InputEventId,HandleInputStart,AnimationStart,PerformTraversalsStart,DrawStart,FrameDeadline,FrameStartTime,FrameInterval,WorkloadTarget,AnimationTime,AnimationCounter,SyncQueued,SyncStart,IssueDrawCommandsStart,SwapBuffers,FrameCompleted,DequeueBufferDuration,QueueBufferDuration,GpuCompleted,SwapBuffersCompleted,DisplayPresentTime,CommandSubmissionCompleted,
0,92128941,282845049890992,282845049890992,0,282845050116202,282845050116567,282845050117035,282845050172947,282845066490992,282845050114353,16666666,16600000,282845049890992,-1,282845051348494,282845051404942,282845051558728,282845053763259,282845054384639,8698,249922,282845054384639,282845054106644,282845077016800,282845053763259,
0,92128950,282845066592518,282845066592518,0,282845067166878,282845067168457,282845067170029,282845067286592,282845083192518,282845067161201,16666666,16600000,282845066592518,-1,282845072489013,282845072591358,282845072963597,282845077291019,282845077982842,30833,240390,282845077982842,282845077619795,282845093713310,282845077291019,
0,92128958,282845083274038,282845083274038,0,282845084554899,282845084556878,282845084559040,282845084718909,282845099874038,282845084548597,16666666,16600000,282845083274038,-1,282845089719456,282845089772972,282845089964223,282845092114743,282845092729378,14817,220052,282845092729378,282845092410784,282845110375576,282845092114743,
0,92128966,282845099916798,282845099916798,0,282845100711383,282845100712363,282845100713805,282845100827060,282845116516798,282845100707008,16666666,16600000,282845099916798,-1,282845105821592,282845105890263,282845106040706,282845108158753,282845108804014,13359,237474,282845108804014,282845108485550,282845127051044,282845108158753,
0,92128974,282845116613308,282845116613308,0,282845117178024,282845117179222,282845117180654,282845117299248,282845133213308,282845117173154,16666666,16600000,282845116613308,-1,282845121405992,282845121442815,282845121610420,282845123785862,282845124422243,13334,313239,282845124422243,282845124189873,282845143724977,282845123785862,
0,92128983,282845133275574,282845133275574,0,282845133789169,282845133790575,282845133792580,282845133936113,282845149875574,282845133782789,16666666,16600000,282845133275574,-1,282845136994169,282845137065888,282845137258701,282845139517398,282845140393232,9505,306121,282845140393232,282845139917154,282845160388649,282845139517398,
0,92128992,282845149951042,282845149951042,0,282845150456330,282845150457138,282845150457893,282845150532450,282845166551042,282845150453153,16666666,16600000,282845149951042,-1,282845154329117,282845154371356,282845154531539,282845156695237,282845157357633,12500,259896,282845157357633,282845157048882,282845177068335,282845156695237,
0,92129001,282845166624975,282845166624975,0,282845167531435,282845167533596,282845167535758,282845167775158,282845183224975,282845167521607,16666666,16600000,282845166624975,-1,282845172691070,282845172766669,282845173005184,282845175691955,282845176449378,18776,442005,282845176449378,282845176265080,282845193747528,282845175691955,
0,92129009,282845183288647,282845183288647,0,282845183914950,282845183917033,282845183918377,282845184137762,282845199888647,282845183902450,16666666,16600000,282845183288647,-1,282845189290366,282845189407112,282845189640757,282845192237658,282845192907658,20016,313386,282845192907658,282845192702763,282845210394194,282845192237658,
0,92129017,282845199968333,282845199968333,0,282845200620054,282845200621356,282845200623153,282845200829054,282845216568333,282845200611929,16666666,16600000,282845199968333,-1,282845206072007,282845206120393,282845206341877,282845209186304,282845209810106,11744,374558,282845209810106,282845209680523,282845227061798,282845209186304,
0,92129025,282845216647526,282845216647526,0,282845217285419,282845217286747,282845217288622,282845217507215,282845233247526,282845217277336,16666666,16600000,282845216647526,-1,282845224222216,282845224323101,282845224571251,282845227277892,282845227891434,18125,387865,282845227891434,282845227783309,282845243757632,282845227277892,
0,92129033,282845233294192,282845233294192,0,282845233944533,282845233945981,282845233947866,282845234129871,282845249894192,282845233937814,16666666,16600000,282845233294192,-1,282845239794377,282845239849611,282845240127970,282845243452449,282845244179298,15609,588819,282845244132136,282845244179298,282845260407137,282845243452449,
0,92129041,282845249961796,282845249961796,0,282845250503569,282845250504949,282845250506277,282845250641216,282845266561796,282845250498074,16666666,16600000,282845249961796,-1,282845257056563,282845257108595,282845257331798,282845260072605,282845260697397,15260,314063,282845260697397,282845260480418,282845277073021,282845260072605,
0,92129049,282845266657630,282845266657630,0,282845267277423,282845267278881,282845267280626,282845267410808,282845283257630,282845267272397,16666666,16600000,282845266657630,-1,282845273840235,282845273891590,282845274107475,282845276793933,282845277392527,12942,291094,282845277392527,282845277173829,282845293748089,282845276793933,
0,92129057,282845283307135,282845283307135,0,282845284283647,282845284284480,282845284285183,282845284394949,282845299907135,282845284280183,16666666,16600000,282845283307135,-1,282845287753855,282845287825173,282845288105913,282845290818386,282845291425131,16901,336484,282845291425131,282845291263646,282845310427396,282845290818386,
0,92129066,282845299973019,282845299973019,0,282845300647553,282845300649271,282845300651928,282845300838854,282845316573019,282845300640235,16666666,16600000,282845299973019,-1,282845307223933,282845307299115,282845307537631,282845310384115,282845311002500,17761,219001,282845311002500,282845310704115,282845327087735,282845310384115,
0,92129074,282845316648087,282845316648087,0,282845317312266,282845317314063,282845317315782,282845317498073,282845333248087,282845317305730,16666666,16600000,282845316648087,-1,282845324134766,282845324200313,282845324377829,282845326186094,282845326805808,16797,224088,282845326805808,282845326490052,282845343778724,282845326186094,
0,92129082,282845333327394,282845333327394,0,282845334023047,282845334025756,282845334027448,282845334165912,282845349927394,282845334016459,16666666,16600000,282845333327394,-1,282845340606224,282845340735146,282845340911302,282845342960625,282845343575730,14635,224495,282845343575730,282845343291042,282845360484922,282845342960625,
0,92129090,282845349987733,282845349987733,0,282845350523672,282845350525078,282845350526744,282845350673542,282845366587733,282845350515781,16666666,16600000,282845349987733,-1,282845357283844,282845357404505,282845357703723,282845360707177,282845361610598,24140,426761,282845361610598,282845361279870,282845377122943,282845360707177,
0,92129098,282845366678722,282845366678722,0,282845367331145,282845367331979,282845367333333,282845367467110,282845383278722,282845367326223,16666666,16600000,282845366678722,-1,282845372075651,282845372474921,282845372735781,282845375128166,282845375771588,19297,371250,282845375771588,282845375615963,282845393807004,282845375128166,
0,92129106,282845383384920,282845383384920,0,282845384441276,282845384442890,282845384444052,282845384621848,282845399984920,282845384432760,16666666,16600000,282845383384920,-1,282845389481484,282845389546328,282845389849286,282845392791276,282845393404661,22422,318046,282845393404661,282845393232108,282845410454556,282845392791276,
0,92129114,282845400022941,282845400022941,0,282845400599010,282845400601041,282845400602421,282845400770728,282845416622941,282845400592135,16666666,16600000,282845400022941,-1,282845405533141,282845405587317,282845405809010,282845408147682,282845408825208,14834,354244,282845408825208,282845408621431,282845427107186,282845408147682,
0,92129122,282845416707002,282845416707002,0,282845417095519,282845417096405,282845417097941,282845417231588,282845433307002,282845417089738,16666666,16600000,282845416707002,-1,282845421766093,282845421814348,282845421998515,282845424209764,282845424763150,12187,261849,282845424763150,282845424563202,282845443778384,282845424209764,
0,92129131,282845433354554,282845433354554,0,282845433746665,282845433748176,282845433749894,282845433864426,282845449954554,282845433739582,16666666,16600000,282845433354554,-1,282845437817551,282845437850963,282845438008671,282845439988270,282845440622291,12109,233489,282845440622291,282845440344451,282845460442525,282845439988270,
0,92129140,282845450007184,282845450007184,0,282845450143983,282845450144400,282845450144859,282845450216093,282845466607184,282845450140285,16666666,16600000,282845450007184,-1,282845451490614,282845451516718,282845451611473,282845452593540,282845453251639,6406,111875,282845453251639,282845452742603,282845477113748,282845452593540,
0,92129149,282845466678382,282845466678382,0,282845466850285,282845466850624,282845466851119,282845466905884,282845483278382,282845466846301,16666666,16600000,282845466678382,-1,282845468047029,282845468066795,282845468180051,282845470678983,282845471263305,8125,345702,282845471263305,282845471138410,282845493782862,282845470678983,
0,92129158,282845483342523,282845483342523,0,282845483723618,282845483724712,282845483725988,282845483813045,282845499942523,282845483720327,16666666,16600000,282845483342523,-1,282845488758150,282845488794295,282845488954399,282845491359582,282845491968487,11171,258541,282845491968487,282845491716170,282845510482133,282845491359582,
0,92129166,282845500013746,282845500013746,0,282845500546561,282845500548201,282845500549868,282845500683305,282845516613746,282845500541404,16666666,16600000,282845500013746,-1,282845506304035,282845506371118,282845506558279,282845508985180,282845509557384,14609,228645,282845509557384,282845509293617,282845527168930,282845508985180,
0,92129174,282845516682860,282845516682860,0,282845517148748,282845517150389,282845517151743,282845517259946,282845533282860,282845517144113,16666666,16600000,282845516682860,-1,282845522281325,282845522315285,282845522458592,282845524596847,282845525178357,11771,236614,282845525178357,282845524916535,282845543819034,282845524596847,
0,92129183,282845533382131,282845533382131,0,282845533964659,282845533966014,282845533967472,282845534071482,282845549982131,282845533959972,16666666,16600000,282845533382131,-1,282845537024242,282845537050987,282845537200232,282845539356821,282845540048800,11963,243619,282845540048800,282845539689450,282845560499008,282845539356821,
0,92129192,282845550068928,282845550068928,0,282845550661585,282845550663408,282845550665283,282845550819841,282845566668928,282845550654763,16666666,16600000,282845550068928,-1,282845554606144,282845554674138,282845555007575,282845558714424,282845559512445,35062,591093,282845559433695,282845559512445,282845577187419,282845558714424,
0,92129200,282845566719032,282845566719032,0,282845567300518,282845567301794,282845567303356,282845567415778,282845583319032,282845567294424,16666666,16600000,282845566719032,-1,282845571489190,282845571555674,282845571725257,282845574210362,282845574847419,13750,241770,282845574847419,282845574544814,282845593829710,282845574210362,
0,92129209,282845583399006,282845583399006,0,282845584313747,282845584315492,282845584317575,282845584527888,282845599999006,282845584305362,16666666,16600000,282845583399006,-1,282845588778044,282845588840883,282845589104372,282845592703331,282845593318018,17656,378931,282845593318018,282845593253189,282845610493642,282845592703331,
0,92129217,282845600087417,282845600087417,0,282845600878085,282845600879892,282845600882340,282845601077992,282845616687417,282845600869778,16666666,16600000,282845600087417,-1,282845605810492,282845605862158,282845606181350,282845609665413,282845610298122,26328,449532,282845610298122,282845610229180,282845627169892,282845609665413,
0,92129225,282845616729708,282845616729708,0,282845617328929,282845617330570,282845617331872,282845617466403,282845633329708,282845617323174,16666666,16600000,282845616729708,-1,282845622142757,282845622726142,282845622936324,282845624524970,282845625288824,14193,243594,282845625288824,282845624847470,282845643859762,282845624524970,
0,92129233,282845633393640,282845633393640,0,282845634007861,282845634009684,282845634011507,282845634176455,282845649993640,282845634001377,16666666,16600000,282845633393640,-1,282845639340455,282845639430309,282845639729735,282845643290048,282845644255126,26459,587125,282845644172235,282845644255126,282845660524345,282845643290048,
0,92129241,282845650069890,282845650069890,0,282845650775507,282845650776950,282845650778252,282845650936611,282845666669890,282845650768148,16666666,16600000,282845650069890,-1,282845656553668,282845656725976,282845657182236,282845660886011,282845661693538,34036,633516,282845661614214,282845661693538,282845677190934,282845660886011,
0,92129249,282845666759760,282845666759760,0,282845667688928,282845667691064,282845667693069,282845667945360,282845683359760,282845667679475,16666666,16600000,282845666759760,-1,282845673901271,282845674021533,282845674307808,282845677357418,282845677955413,26510,439792,282845677887731,282845677955413,282845693840021,282845677357418,
0,92129257,282845683424343,282845683424343,0,282845683991220,282845683993042,282845683994292,282845684224787,282845700024343,282845683985256,16666666,16600000,282845683424343,-1,282845687582965,282845687686038,282845687947209,282845690097913,282845690756939,23854,336614,282845690756939,282845690515725,282845710531001,282845690097913,
0,92129266,282845700090932,282845700090932,0,282845704501818,282845704502886,282845704503954,282845704612209,282845716690932,282845704497496,16666666,16600000,282845700090932,-1,282845708248615,282845708292574,282845708503615,282845710408146,282845711038797,15391,254713,282845711038797,282845710753355,282845727201115,282845710408146,
0,92129274,282845716740019,282845716740019,0,282845717212730,282845717213850,282845717214813,282845717328746,282845733340019,282845717207964,16666666,16600000,282845716740019,-1,282845720224474,282845720269735,282845720427418,282845722250011,282845723170672,13411,833516,282845722863901,282845723170672,282845743869266,282845722250011,
0,92129283,282845733430999,282845733430999,0,282845733849344,282845733850766,282845733851844,282845733974735,282845750030999,282845733842755,16666666,16600000,282845733430999,-1,282845736591219,282845736628068,282845736797131,282845739102234,282845739747703,11901,221640,282845739747703,282845739411219,282845760537511,282845739102234,
0,92129292,282845750101113,282845750101113,0,282845750670463,282845750671765,282845750672547,282845750822131,282845766701113,282845750662599,16666666,16600000,282845750101113,-1,282845753814161,282845753868302,282845754045933,282845755909735,282845756541089,11979,284739,282845756541089,282845756286271,282845777204110,282845755909735,
0,92129301,282845766769264,282845766769264,0,282845767179943,282845767181479,282845767182390,282845767292573,282845783369264,282845767173640,16666666,16600000,282845766769264,-1,282845770083874,282845770122209,282845770287980,282845772037521,282845772666714,10251,290166,282845772666714,282845772411895,282845793883093,282845772037521,
0,92129310,282845783437509,282845783437509,0,282845783936739,282845783937520,282845783938380,282845784093770,282845800037509,282845783931218,16666666,16600000,282845783437509,-1,282845787244760,282845787312676,282845787526063,282845790419942,282845791156052,16745,450443,282845791156052,282845791001192,282845810553405,282845790419942,
0,92129319,282845800104108,282845800104108,0,282845800692781,282845800694083,282845800695645,282845800845697,282845816704108,282845800685281,16666666,16600000,282845800104108,-1,282845804132260,282845804167249,282845804343354,282845806191494,282845806871219,12500,229088,282845806871219,282845806505150,282845827231478,282845806191494,
0,92129328,282845816783091,282845816783091,0,282845817379525,282845817380593,282845817381609,282845817492546,282845833383091,282845817375463,16666666,16600000,282845816783091,-1,282845820918666,282845820980488,282845822173822,282845824843577,282845825578431,25755,379714,282845825578431,282845825369551,282845843886114,282845824843577,
0,92129336,282845833453403,282845833453403,0,282845833993953,282845833995203,282845833996244,282845834123718,282845850053403,282845833988562,16666666,16600000,282845833453403,-1,282845837621426,282845837668743,282845837907494,282845841047285,282845841702832,18412,330443,282845841702832,282845841523770,282845860567364,282845841047285,
0,92129345,282845850131476,282845850131476,0,282845850715123,282845850717780,282845850719550,282845850887598,282845866731476,282845850706269,16666666,16600000,282845850131476,-1,282845854780489,282845854851937,282845855089498,282845857681087,282845858406269,20834,292459,282845858406269,282845858081338,282845877234447,282845857681087,
0,92129354,282845866786112,282845866786112,0,282845867265983,282845867267024,282845867267910,282845867367910,282845883386112,282845867260801,16666666,16600000,282845866786112,-1,282845869925800,282845869971790,282845870126608,282845871605540,282845872319108,11547,170901,282845872319108,282845871844316,282845893906259,282845871605540,
0,92129363,282845883467362,282845883467362,0,282845884399957,282845884401312,282845884402910,282845884598915,282845900067362,282845884391754,16666666,16600000,282845883467362,-1,282845888835983,282845888881400,282845889096686,282845891588873,282845892283040,17239,277318,282845892283040,282845891970982,282845910572779,282845891588873,
0,92129371,282845900134445,282845900134445,0,282845900850904,282845900852909,282845900855097,282845901040373,282845916734445,282845900842925,16666666,16600000,282845900134445,-1,282845905306259,282845905372597,282845905602337,282845907962180,282845908697545,19193,327683,282845908697545,282845908392180,282845927251164,282845907962180,
0,92129379,282845916806257,282845916806257,0,282845917188794,282845917189644,282845917190894,282845917333196,282845933406257,282845917182102,16666666,16600000,282845916806257,-1,282845921474211,282845921568560,282845921784098,282845924324446,282845924936398,16563,301770,282845924936398,282845924739107,282845943918196,282845924324446,
0,92129388,282845933472777,282845933472777,0,282845933890409,282845933891294,282845933892154,282845934010800,282845950072777,282845933886112,16666666,16600000,282845933472777,-1,282845937170305,282845937241321,282845937472545,282845940309211,282845940948247,18490,301886,282845940948247,282845940724133,282845960588013,282845940309211,
0,92129397,282845950151162,282845950151162,0,282845951135174,282845951135956,282845951136945,282845951255487,282845966751162,282845951130044,16666666,16600000,282845950151162,-1,282845955792820,282845955845242,282845956136607,282845958957127,282845959596164,14974,346693,282845959596164,282845959432961,282845977249003,282845958957127,
0,92129405,282845966818194,282845966818194,0,282845967468143,282845967469940,282845967470867,282845967616477,282845983418194,282845967461606,16666666,16600000,282845966818194,-1,282845972255643,282845972297154,282845972501492,282845974786398,282845975407727,10937,275556,282845975407727,282845975160330,282845993924028,282845974786398,
0,92129413,282845983488011,282845983488011,0,282845983967804,282845983969080,282845983970695,282845984125747,282846000088011,282845983961789,16666666,16600000,282845983488011,-1,282845989206528,282845989251033,282845989429158,282845991457909,282845992314070,11589,286588,282845992314070,282845991887804,282846010594444,282845991457909,
0,92129421,282846000149001,282846000149001,0,282846000631554,282846000632544,282846000633612,282846000748716,282846016749001,282846000626502,16666666,16600000,282846000149001,-1,282846005949913,282846005998455,282846006257206,282846009414252,282846009981450,18698,387605,282846009981450,282846009932934,282846027260095,282846009414252,
0,92129429,282846016824026,282846016824026,0,282846017872284,282846017874549,282846017876554,282846018120018,282846033424026,282846017861127,16666666,16600000,282846016824026,-1,282846023417351,282846023537100,282846023862726,282846027326007,282846028103533,25296,370218,282846028103533,282846027810695,282846043931466,282846027326007,
0,92129437,282846033494442,282846033494442,0,282846034201866,282846034203351,282846034204835,282846034379617,282846050094442,282846034194461,16666666,16600000,282846033494442,-1,282846040377803,282846040472335,282846040723507,282846044084731,282846044782283,18766,583688,282846044629028,282846044782283,282846060607872,282846044084731,
0,92129445,282846050160093,282846050160093,0,282846050831476,282846050832413,282846050833559,282846050934861,282846066760093,282846050800851,16666666,16600000,282846050160093,-1,282846056162335,282846056242491,282846056445137,282846058447751,282846059384939,15218,380521,282846059384939,282846058920866,282846077285372,282846058447751,
0,92129453,282846066831464,282846066831464,0,282846067389886,282846067391215,282846067392438,282846067532464,282846083431464,282846067384209,16666666,16600000,282846066831464,-1,282846073338610,282846073424288,282846073694418,282846076211918,282846076995876,13246,358672,282846076995876,282846076679887,282846093956683,282846076211918,
0,92129461,282846083507870,282846083507870,0,282846084205615,282846084206881,282846084208324,282846084336475,282846100107870,282846084199235,16666666,16600000,282846083507870,-1,282846090464408,282846090561230,282846090783558,282846093816006,282846094762074,20286,379974,282846094762074,282846094306188,282846110627256,282846093816006,
0,92129469,282846100185370,282846100185370,0,282846100800902,282846100802022,282846100803428,282846100938626,282846116785370,282846100796032,16666666,16600000,282846100185370,-1,282846106689443,282846106770329,282846106992126,282846110002829,282846110530433,14740,410121,282846110485032,282846110530433,282846127298089,282846110002829,
0,92129477,282846116856681,282846116856681,0,282846117537662,282846117538584,282846117539694,282846117674235,282846133456681,282846117533470,16666666,16600000,282846116856681,-1,282846123324600,282846123421709,282846123674771,282846126707959,282846127656319,17813,454594,282846127656319,282846127362021,282846143977386,282846126707959,
0,92129485,282846133527254,282846133527254,0,282846134302558,282846134303714,282846134305657,282846134459860,282846150127254,282846134296032,16666666,16600000,282846133527254,-1,282846140343599,282846140463208,282846140739990,282846143667037,282846144377282,26875,586119,282846144331438,282846144377282,282846160598323,282846143667037,
0,92129493,282846150198087,282846150198087,0,282846150825944,282846150827074,282846150828766,282846150972933,282846166798087,282846150819511,16666666,16600000,282846150198087,-1,282846156620589,282846156688974,282846156878219,282846159201396,282846159829442,14661,267317,282846159829442,282846159549937,282846177268558,282846159201396,
0,92129501,282846166877384,282846166877384,0,282846167588167,282846167588506,282846167589235,282846167666396,282846183477384,282846167585485,16666666,16600000,282846166877384,-1,282846169388895,282846169468609,282846169640979,282846172050067,282846172614312,13464,263777,282846172614312,282846172410146,282846193960578,282846172050067,
0,92129510,282846183498321,282846183498321,0,282846183976786,282846183977568,282846183978635,282846184114989,282846200098321,282846183972073,16666666,16600000,282846183498321,-1,282846190626187,282846190673635,282846190767176,282846191787177,282846192442281,7057,115208,282846192442281,282846191947150,282846210653556,282846191787177,
0,92129518,282846200168556,282846200168556,0,282846200489182,282846200489781,282846200490354,282846200570068,282846216768556,282846200485354,16666666,16600000,282846200168556,-1,282846201757072,282846202031724,282846202141682,282846203167177,282846203912854,7787,125807,282846203912854,282846203337125,282846227313140,282846203167177,
0,92129527,282846216860576,282846216860576,0,282846217398218,282846217399390,282846217400875,282846217539286,282846233460576,282846217392906,16666666,16600000,282846216860576,-1,282846223938218,282846223994833,282846224214155,282846228530484,282846229058843,16510,285651,282846229058843,282846228921057,282846243987254,282846228530484,
0,92129535,282846233553554,282846233553554,0,282846234160796,282846234162307,282846234163661,282846234285327,282846250153554,282846234155328,16666666,16600000,282846233553554,-1,282846240749989,282846240805535,282846240991629,282846243560457,282846244125119,12943,298167,282846244125119,282846243959598,282846260636577,282846243560457,
0,92129543,282846250213138,282846250213138,0,282846250814259,282846250815769,282846250817281,282846250956734,282846266813138,282846250808894,16666666,16600000,282846250213138,-1,282846258080614,282846258184103,282846258370092,282846261345692,282846261995067,16500,277994,282846261995067,282846261734181,282846277302931,282846261345692,
0,92129551,282846266887252,282846266887252,0,282846267414780,282846267415926,282846267417045,282846267527139,282846283487252,282846267410196,16666666,16600000,282846266887252,-1,282846273366915,282846273444806,282846273613999,282846275813998,282846276436264,12917,312396,282846276436264,282846276201290,282846294013399,282846275813998,
0,92129559,282846283536575,282846283536575,0,282846284088738,282846284090196,282846284091576,282846284187332,282846300136575,282846284083399,16666666,16600000,282846283536575,-1,282846289740821,282846289844649,282846290014102,282846292423728,282846293190743,13620,617197,282846293122905,282846293190743,282846310655430,282846292423728,
0,92129567,282846300202929,282846300202929,0,282846300825014,282846300826384,282846300827800,282846300947540,282846316802929,282846300820404,16666666,16600000,282846300202929,-1,282846307058868,282846307139884,282846307324936,282846309563764,282846310202618,13124,258177,282846310202618,282846309907618,282846327315066,282846309563764,
0,92129575,282846316913397,282846316913397,0,282846317488373,282846317490144,282846317491628,282846317623477,282846333513397,282846317482566,16666666,16600000,282846316913397,-1,282846323291134,282846323349128,282846323594336,282846326405639,282846327047999,19792,344114,282846327047999,282846326875195,282846343976420,282846326405639,
0,92129583,282846333555428,282846333555428,0,282846334073321,282846334074181,282846334075004,282846334195951,282846350155428,282846334068009,16666666,16600000,282846333555428,-1,282846338348268,282846338417149,282846338610759,282846341099753,282846341712565,16526,310209,282846341712565,282846341512670,282846360680638,282846341099753,
0,92129592,282846350215064,282846350215064,0,282846350759492,282846350760456,282846350761549,282846350873087,282846366815064,282846350754648,16666666,16600000,282846350215064,-1,282846356799310,282846356930977,282846357230455,282846360923529,282846361477659,26094,377787,282846361274597,282846361477659,282846377360316,282846360923529,
0,92129600,282846366876418,282846366876418,0,282846367641524,282846367642566,282846367643816,282846367790847,282846383476418,282846367634727,16666666,16600000,282846366876418,-1,282846370949675,282846371003373,282846371203294,282846373084232,282846373794153,15599,434652,282846373794153,282846373592435,282846394022773,282846373084232,
0,92129609,282846383580636,282846383580636,0,282846384303814,282846384305117,282846384306575,282846384515169,282846400180636,282846384294726,16666666,16600000,282846383580636,-1,282846387560976,282846387621888,282846387779961,282846389527877,282846390232018,11484,245833,282846390232018,282846389849596,282846410681783,282846389527877,
0,92129618,282846400260314,282846400260314,0,282846400810742,282846400811705,282846400812747,282846400931809,282846416860314,282846400805325,16666666,16600000,282846400260314,-1,282846403979362,282846404053059,282846404225741,282846406064622,282846406723502,10156,227119,282846406723502,282846406367643,282846427356200,282846406064622,
0,92129627,282846416922771,282846416922771,0,282846417678059,282846417679700,282846417682044,282846417910246,282846433522771,282846417669726,16666666,16600000,282846416922771,-1,282846421142929,282846421185862,282846421349622,282846423159622,282846423889492,9557,229062,282846423889492,282846423461054,282846444026184,282846423159622,
0,92129636,282846433581781,282846433581781,0,282846434330611,282846434331575,282846434333033,282846434506106,282846450181781,282846434321565,16666666,16600000,282846433581781,-1,282846437874439,282846437935402,282846438212955,282846440713205,282846441373684,22073,200573,282846441373684,282846440983215,282846460687720,282846440713205,
0,92129645,282846450256198,282846450256198,0,282846450939179,282846450940533,282846450942148,282846451138700,282846466856198,282846450929726,16666666,16600000,282846450256198,-1,282846454457069,282846454521053,282846454719517,282846456968814,282846457730585,12474,316703,282846457730585,282846457407434,282846477365767,282846456968814,
0,92129654,282846466926182,282846466926182,0,282846467704283,282846467705116,282846467706106,282846467831991,282846483526182,282846467698606,16666666,16600000,282846466926182,-1,282846471915871,282846471996564,282846472213684,282846474015887,282846474812226,12317,183282,282846474812226,282846474264273,282846494030011,282846474015887,
0,92129663,282846483587718,282846483587718,0,282846485028969,282846485030844,282846485033527,282846485276965,282846500187718,282846485017199,16666666,16600000,282846483587718,-1,282846488879021,282846488943554,282846489139715,282846491107512,282846492176392,13125,197708,282846492176392,282846491384324,282846510698136,282846491107512,
0,92129672,282846500265765,282846500265765,0,282846500934959,282846500936235,282846500938465,282846501124568,282846516865765,282846500926990,16666666,16600000,282846500265765,-1,282846505292407,282846505389673,282846505647094,282846508175401,282846508797172,18864,357334,282846508797172,282846508638813,282846527370584,282846508175401,
0,92129680,282846516930009,282846516930009,0,282846517556183,282846517557329,282846517558475,282846517684646,282846533530009,282846517550584,16666666,16600000,282846516930009,-1,282846521519178,282846521837381,282846522057563,282846524261625,282846525004985,21744,321980,282846525004985,282846524694646,282846544029438,282846524261625,
0,92129689,282846533598134,282846533598134,0,282846533954646,282846533955479,282846533956329,282846534057120,282846550198134,282846533949307,16666666,16600000,282846533598134,-1,282846537480662,282846537533422,282846537704099,282846539662224,282846540278386,13203,360564,282846540278386,282846540119490,282846560721121,282846539662224,
0,92129698,282846550270582,282846550270582,0,282846550868151,282846550869307,282846550870297,282846550987589,282846566870582,282846550862823,16666666,16600000,282846550270582,-1,282846554377995,282846554427771,282846554611052,282846556684829,282846557301416,16771,223609,282846557301416,282846556997146,282846577381495,282846556684829,
0,92129707,282846566929436,282846566929436,0,282846567560297,282846567561494,282846567562744,282846567696261,282846583529436,282846567554593,16666666,16600000,282846566929436,-1,282846571907380,282846572315453,282846572495818,282846574345297,282846575010115,19583,248324,282846575010115,282846574885636,282846594051208,282846574345297,
0,92129716,282846583621119,282846583621119,0,282846584491980,282846584493230,282846584494594,282846584734073,282846600221119,282846584481199,16666666,16600000,282846583621119,-1,282846588883057,282846588960427,282846589167380,282846591200192,282846591901546,15781,243906,282846591901546,282846591537865,282846610724489,282846591200192,
0,92129725,282846600281493,282846600281493,0,282846601021729,282846601023083,282846601024645,282846601187734,282846616881493,282846601015453,16666666,16600000,282846600281493,-1,282846605064931,282846605122224,282846605303682,282846607307406,282846607933447,17943,248708,282846607933447,282846607644254,282846627379879,282846607307406,
0,92129734,282846616951206,282846616951206,0,282846617452484,282846617453994,282846617455192,282846617583968,282846633551206,282846617445583,16666666,16600000,282846616951206,-1,282846621425453,282846621461312,282846621596598,282846623113421,282846623784020,10651,197449,282846623784020,282846623380400,282846644047562,282846623113421,
0,92129743,282846633624487,282846633624487,0,282846634304984,282846634306859,282846634308968,282846634439697,282846650224487,282846634298213,16666666,16600000,282846633624487,-1,282846638237614,282846638285218,282846638426676,282846640196963,282846640857327,11406,168359,282846640857327,282846640434098,282846660729020,282846640196963,
0,92129752,282846650279877,282846650279877,0,282846650561311,282846650561952,282846650562431,282846650637509,282846666879877,282846650557666,16666666,16600000,282846650279877,-1,282846651927067,282846651962040,282846652137665,282846654100582,282846654730009,10756,283411,282846654730009,282846654459515,282846677406312,282846654100582,
0,92129761,282846666947560,282846666947560,0,282846667216754,282846667217431,282846667217926,282846667297587,282846683547560,282846667213655,16666666,16600000,282846666947560,-1,282846668516728,282846668571624,282846668737848,282846670786285,282846671432769,14271,228491,282846671432769,282846671102249,282846694082795,282846670786285,
0,92129770,282846683629018,282846683629018,0,282846684240972,282846684242743,282846684244358,282846684386493,282846700229018,282846684234931,16666666,16600000,282846683629018,-1,282846688517213,282846688563160,282846688687274,282846690519775,282846691171858,8021,187968,282846691171858,282846690782274,282846710758810,282846690519775,
0,92129779,282846700306310,282846700306310,0,282846700755686,282846700757092,282846700758577,282846700863603,282846716906310,282846700750295,16666666,16600000,282846700306310,-1,282846704988211,282846705029722,282846705175322,282846706980347,282846707635842,10208,190600,282846707635842,282846707247248,282846727429175,282846706980347,
0,92129788,282846716982793,282846716982793,0,282846717487379,282846717488498,282846717489436,282846717580650,282846733582793,282846717483030,16666666,16600000,282846716982793,-1,282846721664149,282846721702118,282846721833055,282846723668602,282846724303810,10599,195235,282846724303810,282846723937795,282846744091597,282846723668602,
0,92129797,282846733658808,282846733658808,0,282846734512691,282846734513836,282846734515008,282846734611440,282846750258808,282846734508055,16666666,16600000,282846733658808,-1,282846739958759,282846740089331,282846740267326,282846742476596,282846743045805,16016,322162,282846743045805,282846742894503,282846760761649,282846742476596,
0,92129805,282846750329173,282846750329173,0,282846750782638,282846750783862,282846750785164,282846750883680,282846766929173,282846750778576,16666666,16600000,282846750329173,-1,282846756514122,282846756568055,282846756736727,282846758913810,282846759521362,13750,257812,282846759521362,282846759266179,282846777421779,282846758913810,
0,92129813,282846766991595,282846766991595,0,282846767647367,282846767648263,282846767649695,282846767770789,282846783591595,282846767642169,16666666,16600000,282846766991595,-1,282846773118367,282846773176935,282846773330789,282846775466597,282846776114227,11657,265495,282846776114227,282846775817898,282846794088601,282846775466597,
0,92129821,282846783661647,282846783661647,0,282846784221388,282846784222560,282846784223836,282846784326570,282846800261647,282846784216909,16666666,16600000,282846783661647,-1,282846788950320,282846789039617,282846789270763,282846791971882,282846792574929,19453,297240,282846792574929,282846792436857,282846810769695,282846791971882,
0,92129829,282846800321777,282846800321777,0,282846800973237,282846800974695,282846800976101,282846801108679,282846816921777,282846800967195,16666666,16600000,282846800321777,-1,282846806227117,282846806307012,282846806502612,282846808585919,282846809272638,15131,254218,282846809272638,282846808931439,282846827451491,282846808585919,
0,92129837,282846816988599,282846816988599,0,282846817664268,282846817665971,282846817667507,282846817872481,282846833588599,282846817657013,16666666,16600000,282846816988599,-1,282846824370736,282846824513862,282846824863497,282846827942950,282846828636413,28541,478995,282846828577299,282846828636413,282846844127637,282846827942950,
0,92129845,282846833669693,282846833669693,0,282846834343132,282846834344382,282846834345528,282846834480528,282846850269693,282846834337117,16666666,16600000,282846833669693,-1,282846839701205,282846839797731,282846840057976,282846842948991,282846843868357,12161,428021,282846843868357,282846843535215,282846860805345,282846842948991,
0,92129853,282846850351489,282846850351489,0,282846851031127,282846851032195,282846851033627,282846851179955,282846866951489,282846851024981,16666666,16600000,282846850351489,-1,282846856877211,282846856941621,282846857231543,282846860538834,282846861565736,17369,479593,282846861565736,282846861187636,282846877450606,282846860538834,
0,92129861,282846867027635,282846867027635,0,282846876476907,282846876477897,282846876479590,282846876620751,282846883627635,282846876470449,16666666,16600000,282846867027635,-1,282846881571048,282846881639980,282846881928080,282846887339746,282846888076465,25505,486068,282846887970475,282846888076465,282846902460110,282846887339746,
0,92129868,282846883705343,282846883705343,0,282846884379303,282846884379902,282846884380631,282846884492090,282846916960967,282846884373756,16666666,16600000,282846883705343,-1,282846887204824,282846888176490,282846888343443,282846890807167,282846891510475,9272,262761,282846891510475,282846891126048,282846910795266,282846890807167,
0,92129877,282846900372009,282846900372009,0,282846900995829,282846900997766,282846900999381,282846901131021,282846933606228,282846900988668,16666666,16578595,282846900372009,-1,282846903927871,282846903976298,282846904228886,282846906720058,282846907975267,17292,1144349,282846907345673,282846907975267,282846927457271,282846906720058,
0,92129886,282846917026775,282846917026775,0,282846917750214,282846917751803,282846917753720,282846917950813,282846950294299,282846917742063,16666666,16600000,282846917026775,-1,282846921696516,282846921731594,282846921959433,282846924712845,282846925439459,18359,358515,282846925439459,282846925184069,282846944123808,282846924712845,
0,92129894,282846933695264,282846933695264,0,282846934376558,282846934378287,282846934380136,282846934582610,282846966960965,282846934368235,16666666,16600000,282846933695264,-1,282846937935943,282846937976438,282846938233417,282846941123391,282846941779058,17500,401355,282846941779058,282846941683104,282846960799980,282846941123391,
0,92129903,282846950357269,282846950357269,0,282846950771412,282846950772349,282846950773339,282846950866958,282846983627631,282846950767531,16666666,16600000,282846950357269,-1,282846954259980,282846954297844,282846954543677,282846957858260,282846958531255,17526,379010,282846958531255,282846958384849,282844977032182,282846957858260,
0,92129912,282846967023806,282846967023806,0,282846967483781,282846967485031,282846967486047,282846967555187,282847000294297,282846967480083,16666666,16600000,282846967023806,-1,282846971426151,282846971486411,282846971792730,282846975570058,282846976359484,17437,621823,282846976279927,282846976359484,282844993678301,282846975570058,
0,92129920,282846983699978,282846983699978,0,282846984508677,282846984510370,282846984512167,282846984695552,282847016960963,282846984500266,16666666,16600000,282846983699978,-1,282846989161646,282846989235396,282846989537010,282846992657739,282846993488676,20599,413777,282846993488676,282846993208677,282845010318796,282846992657739,
0,92129928,282847000394899,282847000394899,0,282847001136906,282847001138468,282847001140656,282847001330125,282847033627629,282847001126932,16666666,16600000,282847000394899,-1,282847005727036,282847005861672,282847006137609,282847009371489,282847010038416,23958,469115,282847010038416,282847010000421,282845026990994,282847009371489,
0,92129936,282847017067519,282847017067519,0,282847017801098,282847017802557,282847017804197,282847017972400,282847050294295,282847017793755,16666666,16600000,282847017067519,-1,282847024210239,282847024287104,282847024516203,282847026856723,282847027611150,24271,437813,282847027611150,282847027452400,282845043692520,282847026856723,
0,92129944,282847033729247,282847033729247,0,282847034383286,282847034383901,282847034385317,282847034536307,282847066960961,282847034376671,16666666,16600000,282847033729247,-1,282847038036619,282847038130630,282847038463858,282847042224900,282847042815656,24531,381459,282847042815656,282847042749067,282845060374040,282847042224900,
---PROFILEDATA---


View hierarchy:

  com.termux/com.termux.app.TermuxActivity/android.view.ViewRootImpl@b46882c
  43 views, 117.61 kB of render nodes


Total ViewRootImpl   : 1
Total attached Views : 43
Total RenderNode     : 117.61 kB (used) / 335.49 kB (capacity)

